0.763747 0.531395
0.916456 0.680364
0.038905 0.215481
0.808052 0.300243
0.672809 0.961560
0.225923 0.516625
0.169215 0.644978
0.803323 0.112140
0.550591 0.156574
0.343860 0.360889
0.090368 0.035809
0.795007 0.611989
0.137697 0.636011
0.323286 0.844701
0.227126 0.603275
0.254345 0.160757
0.815025 0.638998
0.931179 0.133590
0.665254 0.485798
0.865041 0.169528
0.118472 0.827506
0.906117 0.552613
0.222661 0.326170
0.544847 0.642557
0.976853 0.332473
0.869791 0.774455
0.745695 0.900708
0.154237 0.769210
0.239430 0.615409
0.521302 0.605253
0.322005 0.393985
0.646041 0.724957
0.309455 0.868160
0.993131 0.653291
0.351369 0.166779
0.659984 0.091558
0.950142 0.923467
0.497698 0.415720
0.665911 0.114914
0.815999 0.556611
0.579465 0.898986
0.643426 0.568476
0.141087 0.966623
0.210249 0.802617
0.620202 0.047428
0.049188 0.494523
0.488874 0.116122
0.867750 0.745709
0.721606 0.535465
0.136081 0.335612
