0.684356 0.779015
0.980668 0.305801
0.642553 0.333955
0.034330 0.418453
0.270442 0.083714
0.512356 0.391315
0.991175 0.381439
0.138486 0.306307
0.424434 0.453026
0.610611 0.814629
0.509935 0.709310
0.280570 0.982532
0.181270 0.733891
0.386869 0.685051
0.351361 0.707109
0.648960 0.531372
0.698327 0.918318
0.149847 0.212727
0.499342 0.191417
0.083244 0.852202
0.550118 0.502749
0.122129 0.405552
0.028942 0.805777
0.877501 0.413108
0.016695 0.093588
0.159252 0.435082
0.268131 0.028109
0.525546 0.316047
0.744677 0.044028
0.912702 0.019111
0.365336 0.695753
0.974529 0.146257
0.409806 0.157358
0.128221 0.418571
0.016718 0.208314
0.203305 0.328552
0.259927 0.741886
0.020845 0.896397
0.357093 0.818460
0.191980 0.963181
0.667315 0.552642
0.918057 0.736031
0.268385 0.670822
0.599035 0.363892
0.069243 0.405022
0.612482 0.167215
0.609536 0.499163
0.712436 0.770858
0.925698 0.495520
0.115519 0.796722
0.121760 0.141964
0.491145 0.961133
0.573159 0.714707
0.753320 0.391689
0.013066 0.286593
0.763416 0.729279
0.103336 0.487622
0.796521 0.113208
0.475940 0.102197
0.898311 0.460831
0.645780 0.926717
0.065132 0.547831
0.642109 0.671490
0.516818 0.271253
0.683267 0.332518
0.199993 0.134636
0.728276 0.381587
0.058992 0.433041
0.278862 0.327172
0.542198 0.835532
0.376740 0.684038
0.273520 0.063624
0.343580 0.156006
0.811898 0.146429
0.444816 0.884214
0.946114 0.296734
0.323534 0.942288
0.027891 0.796956
0.746943 0.870220
0.433140 0.409884
0.935483 0.930318
0.359397 0.736375
0.503402 0.941466
0.816900 0.630620
0.829692 0.002027
0.851432 0.253333
0.499540 0.147072
0.748946 0.594201
0.309005 0.002224
0.215182 0.327135
0.209418 0.794252
0.297868 0.675369
0.483035 0.657658
0.124792 0.558166
0.387771 0.036841
0.367928 0.666849
0.486377 0.125045
0.711958 0.275144
0.884207 0.704114
0.504973 0.527254
0.639766 0.453222
0.199756 0.666840
0.683533 0.780057
0.156020 0.171043
0.683053 0.494574
0.867082 0.035930
0.426130 0.193249
0.698915 0.523185
0.458947 0.050906
0.785140 0.522641
0.912271 0.827504
0.808487 0.311188
0.676393 0.288900
0.017359 0.895832
0.344293 0.913436
0.975595 0.317158
0.632511 0.710322
0.224165 0.259180
0.310532 0.211101
0.245462 0.062523
0.022004 0.212139
0.863997 0.770124
0.764922 0.643869
0.491736 0.148107
0.212926 0.021688
0.431988 0.719217
0.506168 0.293689
0.792638 0.722179
0.617734 0.542073
0.427710 0.567551
0.910398 0.917896
0.725652 0.799163
0.038520 0.392924
0.993389 0.789903
0.921200 0.397722
0.647120 0.401641
0.115326 0.181696
0.413992 0.621266
0.550949 0.778665
0.273181 0.748321
0.256462 0.790646
0.920612 0.054417
0.397336 0.812868
0.128435 0.960618
0.679721 0.214660
0.488528 0.686175
0.928996 0.163677
0.678764 0.010509
0.443398 0.235070
0.571370 0.260017
0.544148 0.682513
0.214690 0.882314
0.596027 0.464635
0.962780 0.002689
0.656154 0.418242
0.801694 0.171066
0.823739 0.548824
0.226991 0.102492
0.309899 0.269171
0.863896 0.590114
0.224138 0.558572
0.389713 0.926878
0.082897 0.437848
0.217507 0.110629
0.085617 0.859660
0.830740 0.827026
0.275037 0.098805
0.620444 0.705665
0.801009 0.993870
0.569691 0.627042
0.640869 0.939424
0.154540 0.921421
0.294482 0.357080
0.386279 0.145461
0.168333 0.484048
0.006731 0.748377
0.590589 0.709453
0.466521 0.346674
0.657855 0.361527
0.465640 0.514946
0.404369 0.802866
0.516297 0.969973
0.105684 0.926333
0.199958 0.776313
0.881414 0.660753
0.533655 0.733838
0.145414 0.893415
0.135032 0.421095
0.866810 0.295507
0.681285 0.463149
0.051567 0.896933
0.494065 0.468505
0.331846 0.898594
0.950548 0.736955
0.059160 0.133045
0.820336 0.278654
0.837412 0.788548
0.558480 0.904476
0.003155 0.496898
0.046839 0.148660
0.162980 0.651990
0.269175 0.566986
0.531704 0.873964
0.929756 0.517216
0.480085 0.862836
0.080950 0.873229
0.397084 0.495909
0.412167 0.250277
0.699201 0.914844
0.970699 0.226032
0.578249 0.521113
0.734404 0.730510
0.868928 0.252668
0.636848 0.247770
0.238877 0.250031
0.357450 0.723180
0.756394 0.036555
0.432303 0.102332
0.774845 0.635532
0.015799 0.241120
0.987770 0.625859
0.928818 0.521255
0.455025 0.998373
0.466175 0.881439
0.377819 0.816528
0.804170 0.131672
0.409300 0.107979
0.748515 0.356626
0.327371 0.117702
0.993555 0.933741
0.967729 0.038659
0.025636 0.192712
0.417637 0.602600
0.296621 0.025199
0.604741 0.461449
0.317977 0.817139
0.580274 0.118841
0.881522 0.920707
0.992288 0.281699
0.699823 0.508991
0.472090 0.893358
0.377419 0.063640
0.915840 0.782600
0.773432 0.934253
0.933318 0.817054
0.496827 0.377972
0.057152 0.684769
0.487454 0.238745
0.658343 0.944375
0.379212 0.957927
0.897690 0.782086
0.616057 0.921392
0.457805 0.992931
0.097251 0.243028
0.246630 0.063901
0.465171 0.960482
0.740977 0.878347
0.017149 0.276233
0.147341 0.483800
0.622236 0.915574
0.097322 0.569473
0.954437 0.892776
0.166248 0.785070
0.815893 0.977707
0.106144 0.799137
0.316640 0.937407
0.317989 0.043015
0.201988 0.190573
0.753224 0.415580
0.674233 0.857663
0.130771 0.834298
0.642324 0.315295
0.083371 0.409726
0.451281 0.270824
0.605825 0.193439
0.792551 0.061491
0.967765 0.903463
0.677186 0.352236
0.074878 0.766656
0.065610 0.657258
0.115027 0.634069
0.990927 0.142628
0.209535 0.823173
0.787126 0.980739
0.704895 0.719951
0.339207 0.122095
0.686491 0.034178
0.109166 0.725936
0.273441 0.742857
0.059929 0.648399
0.262464 0.179574
0.498770 0.325416
0.728706 0.431703
0.292375 0.107250
0.262767 0.192676
0.867647 0.602575
0.625682 0.483188
0.905525 0.872209
0.737426 0.203027
0.659458 0.376103
0.079537 0.304337
0.385906 0.421891
0.788737 0.487465
0.461083 0.489325
0.945988 0.712143
0.376381 0.212097
0.824183 0.489622
0.954284 0.987057
0.147735 0.875454
0.807282 0.150561
0.738608 0.317992
0.274165 0.412641
0.275857 0.034265
0.811298 0.771942
0.279564 0.382737
0.090835 0.447817
0.845074 0.781574
0.863525 0.460734
0.099720 0.081376
0.980690 0.368085
0.831792 0.942949
0.838071 0.319747
0.250259 0.693527
0.903707 0.036210
0.373824 0.338977
0.922641 0.531803
0.119157 0.894846
0.853164 0.406539
0.760704 0.965735
0.582498 0.312328
0.068254 0.550322
0.994191 0.762767
0.093488 0.378452
0.015205 0.800468
0.273019 0.697092
0.857557 0.161827
0.242967 0.313510
0.787559 0.486408
0.518927 0.876924
0.405103 0.806546
0.985179 0.833948
0.596118 0.022537
0.958340 0.228522
0.033217 0.319735
0.443136 0.533614
0.342737 0.516119
0.081807 0.999822
0.830776 0.142358
0.213671 0.585134
0.966506 0.651131
0.407680 0.390420
0.657938 0.528445
0.808313 0.666850
0.723505 0.236910
0.643976 0.884300
0.862211 0.859402
0.287091 0.053869
0.855786 0.031291
0.326353 0.483014
0.698189 0.250371
0.214177 0.408409
0.840967 0.935858
0.186142 0.499463
0.767377 0.671304
0.314276 0.054567
0.663882 0.910999
0.752324 0.822453
0.044494 0.055402
0.458665 0.772690
0.801650 0.208391
0.941355 0.812161
0.306675 0.117568
0.859786 0.398484
0.863601 0.768598
0.638761 0.236685
0.031970 0.855552
0.603311 0.762036
0.077458 0.881413
0.526388 0.909823
0.083550 0.956420
0.896568 0.751896
0.063163 0.456623
0.659239 0.940242
0.746023 0.581017
0.662245 0.539369
0.585784 0.502836
0.545772 0.752195
0.930268 0.249077
0.356281 0.248193
0.228884 0.662036
0.735603 0.287935
0.613197 0.797636
0.138838 0.604735
0.179770 0.897520
0.168484 0.051990
0.828842 0.635405
0.777276 0.353878
0.568026 0.682869
0.788489 0.907452
0.777183 0.765759
0.910017 0.475754
0.048732 0.289617
0.177298 0.784435
0.867118 0.300995
0.550231 0.488466
0.571790 0.021269
0.210494 0.710863
0.759982 0.440523
0.958222 0.371978
0.528735 0.491322
0.990782 0.825734
0.730019 0.135638
0.261444 0.898299
0.718475 0.292956
0.562014 0.285032
0.908222 0.913533
0.451033 0.403153
0.823327 0.658032
0.157964 0.220427
0.225937 0.583210
0.633782 0.284257
0.336788 0.953080
0.989724 0.160932
0.124639 0.795945
0.668443 0.761388
0.134428 0.109907
0.825645 0.577665
0.348294 0.682962
0.565284 0.683383
0.129315 0.338494
0.867728 0.461874
0.384704 0.042967
0.277791 0.417232
0.703382 0.719843
0.678369 0.096387
0.372246 0.802217
0.765425 0.104415
0.856141 0.526418
0.161358 0.430633
0.538413 0.719753
0.456351 0.819653
0.262149 0.367846
0.851054 0.719401
0.486554 0.560474
0.489028 0.417212
0.678632 0.509527
0.013627 0.335484
0.897232 0.208708
0.361579 0.099929
0.394674 0.961816
0.314276 0.916373
0.460602 0.444914
0.867843 0.996105
0.663375 0.187430
0.054344 0.255148
0.106200 0.358206
0.449014 0.279438
0.308394 0.524735
0.232208 0.595727
0.846581 0.617318
0.339775 0.617135
0.946266 0.674568
0.931883 0.242638
0.801180 0.072702
0.137834 0.981365
0.515916 0.848261
0.793218 0.645444
0.216822 0.412386
0.675768 0.109215
0.056763 0.424506
0.567607 0.368015
0.551279 0.844262
0.324073 0.146301
0.926837 0.212731
0.013121 0.602768
0.936286 0.027467
0.104348 0.259184
0.902290 0.670640
0.632952 0.140050
0.586414 0.725491
0.241489 0.251762
0.849735 0.673568
0.011093 0.952824
0.970215 0.903694
0.033826 0.470775
0.912798 0.683311
0.749158 0.806793
0.810039 0.243869
0.170092 0.535604
0.404302 0.414094
0.258230 0.556141
0.226932 0.298519
0.872144 0.677489
0.845484 0.343316
0.909671 0.035040
0.597024 0.757497
0.492326 0.723353
0.843648 0.664750
0.298775 0.705071
0.935805 0.549667
0.444395 0.009368
0.749668 0.531834
0.625188 0.468723
0.876700 0.752246
0.596908 0.759431
0.286744 0.688723
0.443993 0.309130
0.560359 0.530482
0.507983 0.713689
0.591816 0.836755
0.291365 0.666189
0.001047 0.580313
0.130326 0.042299
0.361039 0.333979
0.938707 0.709233
0.746556 0.796690
0.865452 0.829546
0.040735 0.075416
0.279176 0.916396
0.898047 0.140182
0.095986 0.663499
0.255220 0.651698
0.100490 0.620844
0.806214 0.924563
0.574963 0.116352
0.912913 0.133743
0.247940 0.434011
0.010192 0.997993
0.301024 0.150604
0.682136 0.081125
0.931507 0.706021
0.235602 0.540491
0.758428 0.736242
0.778014 0.621797
0.180987 0.433415
0.518149 0.450318
0.650768 0.214075
0.251872 0.700816
0.703026 0.274382
0.769175 0.541960
0.507309 0.190382
0.224541 0.845733
0.643994 0.581614
0.349574 0.028339
0.790858 0.998024
0.754986 0.046299
0.012569 0.612965
0.468473 0.009933
0.386057 0.009186
0.285643 0.596153
0.765973 0.330058
0.473092 0.943439
0.597024 0.334886
0.855897 0.994134
0.813734 0.445000
0.346178 0.312648
0.033226 0.696437
0.525083 0.252882
0.442912 0.625363
0.977431 0.974191
0.012519 0.503988
0.696433 0.212387
0.918664 0.017585
0.025320 0.900803
0.360228 0.427318
0.283365 0.706133
0.264078 0.498943
0.435703 0.294762
0.733206 0.994037
0.909530 0.677503
0.473174 0.318270
0.933646 0.294169
0.847752 0.000344
0.584011 0.594092
0.660971 0.035546
0.054857 0.744716
0.240307 0.769505
0.543094 0.757592
0.904539 0.920548
0.533141 0.759596
0.439837 0.543203
0.200001 0.356901
0.778937 0.220695
0.110274 0.040227
0.680800 0.540923
0.394014 0.362113
0.841934 0.958249
0.084711 0.180424
0.535605 0.472509
0.380366 0.607048
0.571439 0.167037
0.165528 0.426697
0.095480 0.539082
0.252335 0.657972
0.509527 0.728840
0.448011 0.617311
0.578640 0.207445
0.736932 0.316171
0.616978 0.219603
0.577294 0.272783
0.494672 0.293143
0.555583 0.852025
0.092235 0.425639
0.416445 0.060456
0.744038 0.137335
0.791233 0.318256
0.158679 0.439962
0.785424 0.105823
0.281604 0.912641
0.953250 0.539981
0.574136 0.498923
0.087305 0.873236
0.223101 0.343100
0.681567 0.629252
0.866524 0.969293
0.888170 0.588679
0.523427 0.373415
0.281435 0.121718
0.549530 0.145954
0.767084 0.427245
0.605692 0.572635
0.530219 0.083084
0.822249 0.770358
0.002563 0.937977
0.569907 0.307425
0.447635 0.783004
0.506663 0.429903
0.911927 0.428739
0.860247 0.970088
0.970829 0.784082
0.226893 0.248384
0.909957 0.283755
0.519756 0.796490
0.725706 0.543622
0.084105 0.527684
0.603255 0.436492
0.411442 0.059044
0.335928 0.875802
0.331004 0.250845
0.486720 0.470524
0.034632 0.669920
0.960964 0.871901
0.799787 0.606693
0.058534 0.071054
0.815518 0.479615
0.004623 0.126269
0.087502 0.946158
0.420084 0.799726
0.000788 0.806065
0.185454 0.365659
0.752684 0.830455
0.677204 0.415413
0.533256 0.979437
0.410439 0.829615
0.027197 0.081281
0.709158 0.213604
0.538383 0.937764
0.143369 0.999542
0.797173 0.993176
0.121766 0.107073
0.300618 0.158577
0.209320 0.524130
0.856967 0.118219
0.451081 0.420475
0.858443 0.461699
0.226629 0.438782
0.690027 0.283200
0.934020 0.621525
0.597038 0.468339
0.107782 0.026711
0.280584 0.749434
0.412354 0.461415
0.467482 0.751662
0.320613 0.919348
0.710077 0.675373
0.186469 0.247135
0.711370 0.963981
0.851227 0.283730
0.542206 0.292163
0.885304 0.218341
0.219781 0.475723
0.060051 0.194515
0.250531 0.452316
0.668864 0.251435
0.905489 0.311340
0.872412 0.538293
0.192518 0.461642
0.329725 0.363509
0.717318 0.417304
0.995068 0.047830
0.883941 0.354601
0.109924 0.738815
0.175561 0.547356
0.100070 0.313921
0.577537 0.023236
0.299661 0.250409
0.557359 0.300160
0.167388 0.872491
0.399836 0.859834
0.934194 0.699630
0.110951 0.094512
0.427692 0.714621
0.550060 0.823477
0.155354 0.246075
0.927700 0.117272
0.596693 0.817128
0.315001 0.090643
0.054073 0.750709
0.350801 0.529170
0.342464 0.541381
0.903785 0.700002
0.060342 0.004795
0.049574 0.463635
0.177134 0.997992
0.356423 0.851577
0.196992 0.067267
0.138260 0.603821
0.214362 0.725052
0.030073 0.770409
0.763718 0.183231
0.968206 0.372962
0.484008 0.277550
0.416885 0.294906
0.267746 0.006230
0.472368 0.023239
0.745396 0.575653
0.297378 0.600006
0.667543 0.096942
0.191024 0.158289
0.990580 0.109486
0.483218 0.715330
0.245990 0.920960
0.357601 0.474539
0.079020 0.348074
0.653326 0.748474
0.679414 0.818314
0.673537 0.756490
0.195071 0.950110
0.037214 0.973592
0.118885 0.667391
0.651066 0.411145
0.069694 0.624185
0.949453 0.195437
0.350192 0.215902
0.652853 0.076695
0.157796 0.736168
0.429189 0.049001
0.348899 0.301569
0.007358 0.090661
0.212599 0.011354
0.488598 0.144932
0.796884 0.435167
0.828868 0.852614
0.948458 0.929068
0.724205 0.220857
0.376774 0.468598
0.421070 0.366650
0.733513 0.657368
0.294955 0.708793
0.910679 0.320631
0.393103 0.498771
0.503605 0.625500
0.520952 0.378785
0.659633 0.982992
0.866963 0.734319
0.338841 0.081767
0.606777 0.968935
0.350144 0.279429
0.405199 0.470640
0.394234 0.234471
0.243276 0.961976
0.744263 0.100436
0.537783 0.130109
0.125803 0.823574
0.091740 0.918547
0.819577 0.086273
0.017070 0.628693
0.003560 0.220746
0.404373 0.027329
0.875535 0.980950
0.179750 0.985195
0.152776 0.405442
0.284961 0.782191
0.132509 0.129822
0.044708 0.106344
0.614935 0.414688
0.343638 0.946508
0.639997 0.843462
0.025684 0.032884
0.169791 0.114198
0.749674 0.214807
0.560374 0.600454
0.387651 0.181812
0.909922 0.388515
0.936165 0.231895
0.144607 0.311781
0.825807 0.369933
0.009194 0.097800
0.460561 0.879625
0.966321 0.119446
0.796100 0.653880
0.376538 0.398952
0.774908 0.991459
0.230639 0.451989
0.476182 0.271758
0.136454 0.278695
0.909739 0.904983
0.224197 0.309565
0.485698 0.221566
0.127634 0.396299
0.325495 0.512525
0.222733 0.001224
0.744825 0.261559
0.861129 0.583590
0.435403 0.720047
0.422673 0.807059
0.099961 0.367697
0.629446 0.599899
0.553702 0.474449
0.713102 0.287880
0.595464 0.933349
0.707997 0.989619
0.273130 0.769449
0.354538 0.215057
0.520368 0.246394
0.840298 0.140012
0.525580 0.290205
0.880907 0.343210
0.608954 0.028889
0.448330 0.886930
0.829829 0.606815
0.791138 0.498376
0.024107 0.074453
0.259458 0.266104
0.480240 0.076871
0.846770 0.704334
0.002352 0.268526
0.291333 0.257663
0.680359 0.867212
0.041982 0.319728
0.289476 0.526649
0.386155 0.621528
0.875294 0.755029
0.562460 0.408653
0.745648 0.435945
0.735738 0.171348
0.786796 0.618496
0.299495 0.817348
0.748940 0.634928
0.088748 0.084625
0.904949 0.777060
0.735726 0.679675
0.276150 0.216819
0.581552 0.096698
0.440357 0.591567
0.268933 0.324010
0.789846 0.691517
0.384056 0.676222
0.990765 0.984362
0.290287 0.804236
0.310524 0.291371
0.601964 0.529818
0.425983 0.789533
0.583455 0.527462
0.302794 0.655937
0.126840 0.033539
0.745060 0.093454
0.860982 0.701143
0.254497 0.180839
0.375404 0.438811
0.909575 0.975771
0.504342 0.572260
0.077662 0.565923
0.109444 0.950506
0.906980 0.311005
0.824071 0.681204
0.710208 0.347846
0.777766 0.024799
0.547888 0.540910
0.406387 0.603018
0.547291 0.452248
0.071588 0.484479
0.751215 0.577758
0.362701 0.898682
0.581219 0.050685
0.634775 0.299345
0.321083 0.248701
0.548429 0.249050
0.378821 0.257455
0.120326 0.129371
0.469384 0.941361
0.067513 0.994146
0.275187 0.451496
0.034524 0.978279
0.587930 0.360813
0.629047 0.550430
0.412690 0.258493
0.060149 0.555179
0.024065 0.558110
0.572426 0.428728
0.504181 0.478363
0.800158 0.191938
0.863675 0.640518
0.627415 0.825454
0.449283 0.493267
0.133253 0.413927
0.975485 0.823594
0.725556 0.009792
0.182666 0.941310
0.622718 0.511806
0.820554 0.735296
0.429303 0.979506
0.383240 0.691082
0.669960 0.712007
0.780871 0.132246
0.795307 0.108002
0.923137 0.402201
0.354138 0.793562
0.010970 0.438334
0.738246 0.755336
0.185422 0.207004
0.149295 0.248937
0.066450 0.765799
0.211611 0.065800
0.629412 0.298554
0.960403 0.336534
0.813327 0.328945
0.771859 0.424741
0.232530 0.460118
0.169718 0.622509
0.372110 0.410658
0.342326 0.297292
0.687581 0.821257
0.634860 0.859561
0.100513 0.291876
0.243318 0.421646
0.484381 0.375706
0.830017 0.300361
0.868712 0.804161
0.804787 0.579539
0.254611 0.046186
0.571686 0.793259
0.131046 0.415541
0.127987 0.416605
0.008842 0.331312
0.020352 0.257943
0.548070 0.009765
0.812523 0.035249
0.144603 0.819740
0.899513 0.388693
0.162875 0.769146
0.715209 0.332698
0.354420 0.106731
0.123458 0.682894
0.385570 0.821123
0.057116 0.306886
0.812717 0.898268
0.275205 0.142459
0.289835 0.558726
0.445249 0.802835
0.270503 0.337893
0.626003 0.245824
0.975459 0.795075
0.625227 0.422173
0.936736 0.841418
0.637801 0.038166
0.000758 0.162089
0.031398 0.568469
0.275269 0.974662
0.140104 0.437502
0.138786 0.413546
0.450776 0.851012
0.096304 0.159379
0.622602 0.104331
0.961246 0.542664
0.367225 0.319718
0.571235 0.242529
0.334997 0.472456
0.003999 0.874346
0.802276 0.253803
0.049807 0.214038
0.135423 0.788676
0.518092 0.542256
0.718997 0.476884
0.808479 0.608225
0.278866 0.258966
0.060196 0.010878
0.305324 0.421171
0.108918 0.374035
0.587000 0.648833
0.426365 0.552709
0.703242 0.413388
0.195507 0.249233
0.690826 0.935479
0.683035 0.840754
0.000249 0.905103
0.110794 0.923735
0.287548 0.859452
0.299143 0.066469
0.549479 0.620104
0.457776 0.527204
0.603061 0.473417
0.633302 0.243314
0.934917 0.841486
0.487930 0.226095
0.501483 0.035721
0.279911 0.606065
0.148096 0.311106
0.143886 0.965284
0.933122 0.846401
0.028129 0.266055
0.792689 0.464055
0.935672 0.639448
0.662292 0.873289
0.437607 0.532482
0.383396 0.970815
0.779409 0.229349
0.466379 0.265876
0.284879 0.559962
0.055541 0.809745
0.177383 0.688183
0.247568 0.104591
0.384334 0.232454
0.251782 0.342557
0.368391 0.613138
0.748632 0.983142
0.537670 0.443749
0.202333 0.115448
0.327268 0.987337
0.814195 0.271589
0.615718 0.184649
0.265115 0.358522
0.742502 0.527298
0.388870 0.157795
0.026575 0.097005
0.442239 0.406183
0.350850 0.421094
0.693687 0.814912
0.073925 0.404776
0.639219 0.511136
0.257843 0.492340
0.272199 0.292570
0.959466 0.382246
0.483334 0.774664
0.123110 0.075190
0.847695 0.979403
0.433344 0.769583
0.767541 0.165832
0.339409 0.135486
0.182913 0.734594
0.346514 0.795870
0.836334 0.852277
0.584278 0.423217
0.383657 0.036073
0.608910 0.719776
0.479977 0.315234
0.373214 0.691442
0.337733 0.743041
0.307353 0.048027
0.153493 0.971468
0.493281 0.266844
0.230610 0.320464
0.987095 0.841828
0.586841 0.274745
0.446062 0.507059
0.329195 0.623200
0.350894 0.771386
0.102659 0.519529
0.278848 0.929939
0.475160 0.587415
0.879553 0.828708
0.208004 0.819534
0.432984 0.049915
0.979194 0.426940
0.127796 0.858811
0.276481 0.983799
0.488270 0.206596
0.857608 0.182232
0.699418 0.319513
0.387175 0.262944
0.932324 0.920791
0.602690 0.719589
0.155594 0.929950
0.636780 0.188262
0.333819 0.563070
0.928223 0.528273
0.360261 0.117998
0.491351 0.976293
0.548488 0.370063
0.181563 0.913216
0.016485 0.426718
0.994067 0.221558
0.836820 0.093618
0.363688 0.430930
0.397703 0.290024
0.895418 0.850086
0.022341 0.817995
0.948631 0.666320
0.527768 0.837695
0.022226 0.556402
0.069383 0.730247
0.943687 0.698019
0.313683 0.639907
0.451903 0.196635
0.709269 0.878939
0.881819 0.849924
0.384942 0.551431
0.308347 0.860397
0.993786 0.206369
0.687656 0.576582
0.643384 0.065667
0.245892 0.594084
0.904891 0.389441
0.608490 0.580078
0.777456 0.838649
0.937715 0.998271
0.399519 0.274355
0.651690 0.506091
0.244811 0.293198
0.135098 0.171840
0.518430 0.940256
0.219922 0.816765
0.477122 0.463364
0.113965 0.725506
0.437981 0.677010
0.885600 0.688057
0.311036 0.489327
0.575087 0.837406
0.593740 0.412265
0.495954 0.029214
0.899177 0.422900
0.314378 0.573379
0.254839 0.372938
0.050139 0.972045
0.605084 0.253797
0.229661 0.944630
0.177986 0.016302
0.039781 0.427622
0.636011 0.316822
0.480346 0.425407
0.220031 0.515822
0.194368 0.558101
0.417486 0.490138
0.866393 0.903353
0.037989 0.336886
0.822901 0.261280
0.963536 0.844763
0.742987 0.285204
0.255443 0.687612
0.193192 0.015581
0.746486 0.655460
0.037325 0.230464
0.724215 0.879857
0.640234 0.683102
0.820230 0.933169
0.183918 0.735737
0.760224 0.885613
0.345044 0.118383
0.200903 0.889143
0.044820 0.542360
0.482430 0.623922
0.975376 0.680569
0.758822 0.990941
0.131184 0.589991
0.633771 0.763483
0.629728 0.996593
0.125650 0.520436
0.692562 0.988819
0.513007 0.076103
0.776028 0.573070
0.370640 0.793989
0.490342 0.233042
0.896364 0.626138
0.126422 0.104529
0.449909 0.454961
0.321730 0.628273
0.077893 0.331098
0.639568 0.575657
0.682614 0.498690
0.610703 0.155534
0.407454 0.678558
0.091829 0.505201
0.757961 0.940127
0.632307 0.244488
0.955222 0.634540
0.908790 0.929197
0.026936 0.284252
0.186733 0.178564
0.181619 0.028509
0.198490 0.971164
0.082675 0.209447
0.789563 0.104649
0.741600 0.950167
0.177788 0.096940
0.883376 0.123984
0.694601 0.869970
0.802163 0.943160
0.433253 0.401793
0.921654 0.505761
0.315685 0.158860
0.502033 0.030899
0.708006 0.527489
0.194254 0.185475
0.863894 0.652031
0.432379 0.859614
0.155897 0.056950
0.976027 0.983363
0.266562 0.181037
0.267517 0.493819
0.254442 0.484174
0.652066 0.359677
0.684481 0.100565
0.924465 0.649341
0.817913 0.107065
0.111917 0.989046
0.193736 0.351217
0.880285 0.399059
0.802000 0.440834
0.459772 0.418891
0.448537 0.935443
0.526100 0.636523
0.841438 0.999623
0.044543 0.222035
0.391497 0.779270
0.686705 0.832598
0.712012 0.544010
0.063732 0.303669
0.327721 0.202501
0.684671 0.870298
0.158352 0.142056
0.244995 0.272842
0.929145 0.470018
0.577843 0.992958
0.778906 0.641537
0.359309 0.038609
0.985512 0.146865
0.449160 0.150912
0.909524 0.401037
0.569656 0.041019
0.968399 0.229757
0.877672 0.281815
0.697031 0.377542
0.869116 0.777070
0.724700 0.277673
0.969688 0.309784
0.804219 0.918191
0.112287 0.531820
0.865968 0.014190
0.578945 0.898508
0.437647 0.853858
0.393930 0.474780
0.670032 0.124214
0.594710 0.243469
0.639662 0.742199
0.778758 0.531768
0.561279 0.217765
0.426722 0.438461
0.036057 0.357834
0.636255 0.692363
0.486021 0.183468
0.065873 0.201528
0.480750 0.777319
0.084451 0.663129
0.749355 0.404417
0.349551 0.995508
0.288911 0.656556
0.296546 0.026760
0.129902 0.559050
0.310526 0.828312
0.999932 0.548309
0.674300 0.317293
0.338858 0.979716
0.738310 0.268123
0.861652 0.357472
0.142083 0.671567
0.139746 0.791564
0.331884 0.458642
0.477237 0.281753
0.065504 0.967060
0.695279 0.304428
0.072698 0.169560
0.306129 0.835424
0.548513 0.606274
0.957741 0.380361
0.696857 0.167402
0.960462 0.803799
0.112890 0.357829
0.169294 0.749471
0.395391 0.441897
0.488359 0.226091
0.014032 0.914406
0.788613 0.496709
0.121526 0.073038
0.085512 0.754304
0.696926 0.077706
0.410264 0.192288
0.133849 0.773984
0.926450 0.985828
0.146238 0.730582
0.493216 0.388357
0.654282 0.394958
0.056904 0.617374
0.134402 0.006498
0.964907 0.454619
0.769776 0.923302
0.538678 0.517922
0.621633 0.316467
0.017269 0.975519
0.956613 0.764844
0.288419 0.068327
0.811757 0.143632
0.661110 0.181685
0.856245 0.341727
0.301718 0.365248
0.617779 0.765640
0.855260 0.138255
0.181558 0.291868
0.203914 0.137048
0.541071 0.314970
0.276908 0.662770
0.882475 0.805195
0.319040 0.469331
0.218119 0.837366
0.049494 0.195262
0.949809 0.881815
0.698292 0.687758
0.138703 0.258535
0.994617 0.093220
0.486259 0.547283
0.799448 0.995817
0.289444 0.419268
0.224307 0.074070
0.923472 0.310109
0.758624 0.715186
0.726598 0.589136
0.140121 0.777839
0.514058 0.396684
0.445788 0.226351
0.332026 0.118915
0.155428 0.672648
0.477486 0.548750
0.745431 0.957149
0.256235 0.141909
0.707316 0.775697
0.428744 0.418602
0.753803 0.016858
0.802397 0.484309
0.374509 0.912406
0.968694 0.847155
0.834120 0.323538
0.755249 0.194760
0.167714 0.486340
0.565001 0.560042
0.721150 0.322231
0.408795 0.353283
0.308798 0.982617
0.102574 0.066903
0.116579 0.641711
0.796692 0.069711
0.065196 0.677411
0.732386 0.799010
0.466571 0.287426
0.879256 0.831799
0.455973 0.276238
0.897625 0.770393
0.862923 0.218286
0.690961 0.613155
0.895926 0.453672
0.666039 0.297622
0.259219 0.404965
0.702371 0.401160
0.094142 0.517134
0.747411 0.563399
0.443401 0.717353
0.900381 0.055021
0.773424 0.667436
0.825057 0.059116
0.458143 0.238843
0.340695 0.654124
0.026980 0.578712
0.080255 0.191539
0.410458 0.855077
0.176438 0.746838
0.378788 0.270406
0.038517 0.588770
0.861926 0.214839
0.416809 0.159924
0.864040 0.493968
0.116599 0.890646
0.240954 0.410721
0.919679 0.278710
0.696078 0.106916
0.499164 0.058730
0.968484 0.977241
0.372047 0.958192
0.336213 0.156924
0.224009 0.491049
0.238537 0.054064
0.262256 0.475198
0.032854 0.648581
0.604743 0.476740
0.645017 0.811967
0.097872 0.181800
0.146339 0.215489
0.369848 0.775755
0.096172 0.489234
0.373137 0.770103
0.825872 0.170353
0.147002 0.358780
0.708117 0.636101
0.039907 0.308591
0.854986 0.655714
0.171597 0.592538
0.618832 0.414943
0.485965 0.460161
0.731929 0.867986
0.348338 0.405609
0.914033 0.053829
0.274633 0.542030
0.301376 0.577456
0.044836 0.219944
0.106335 0.801127
0.149579 0.337641
0.503880 0.416898
0.246107 0.683219
0.859094 0.978788
0.058728 0.820754
0.059470 0.661454
0.948875 0.487187
0.896351 0.981996
0.201187 0.201851
0.151792 0.472452
0.924588 0.807187
0.290283 0.322812
0.351078 0.957032
0.429210 0.827803
0.230054 0.147962
0.567551 0.065487
0.962202 0.749547
0.889267 0.611635
0.094603 0.630943
0.325974 0.251093
0.807429 0.404127
0.462916 0.585838
0.062685 0.008162
0.302920 0.159127
0.156723 0.344256
0.364921 0.216143
0.520796 0.937936
0.086821 0.503746
0.747708 0.152567
0.526843 0.575428
0.987661 0.307498
0.913228 0.912296
0.052683 0.164491
0.679011 0.796877
0.796560 0.637709
0.236802 0.283775
0.595991 0.255327
0.897887 0.799670
0.048714 0.855028
0.020652 0.874903
0.325648 0.230892
0.685227 0.259842
0.966634 0.965881
0.934425 0.211450
0.293137 0.481904
0.895453 0.048988
0.026335 0.418594
0.902556 0.172465
0.145275 0.812252
0.077634 0.613450
0.497340 0.188039
0.694082 0.845092
0.182064 0.601313
0.048480 0.016652
0.269345 0.868160
0.495429 0.997592
0.984420 0.710467
0.762773 0.617239
0.094492 0.307525
0.657570 0.268261
0.865697 0.793979
0.797615 0.605681
0.624125 0.573062
0.058978 0.417878
0.650912 0.924382
0.016922 0.871984
0.868950 0.277143
0.775756 0.243348
0.537563 0.692543
0.232555 0.927176
0.961504 0.553161
0.000376 0.000200
0.041974 0.192545
0.928504 0.851225
0.349835 0.214763
0.400409 0.431582
0.285040 0.551565
0.364530 0.490038
0.801300 0.883899
0.358670 0.751425
0.121308 0.914872
0.625661 0.374200
0.845397 0.122832
0.786179 0.179429
0.865274 0.046143
0.433960 0.082111
0.534517 0.855272
0.449339 0.875515
0.618829 0.953210
0.788974 0.020178
0.651546 0.611796
0.002744 0.371416
0.453736 0.199431
0.753251 0.842714
0.743203 0.384697
0.169017 0.847049
0.953061 0.810814
0.949354 0.984204
0.608033 0.127426
0.757097 0.849341
0.865453 0.939069
0.584761 0.026592
0.117958 0.183791
0.460362 0.301142
0.876187 0.690728
0.071071 0.874250
0.502288 0.182046
0.626007 0.897906
0.748877 0.782511
0.553911 0.959271
0.473103 0.179058
0.437089 0.239778
0.341754 0.933068
0.919955 0.949769
0.820914 0.089675
0.198623 0.296749
0.252429 0.151272
0.097463 0.683811
0.359502 0.686480
0.669159 0.054543
0.095037 0.331216
0.716743 0.301660
0.348845 0.705068
0.629237 0.438877
0.663679 0.814065
0.446946 0.798976
0.775044 0.840012
0.128118 0.865767
0.486056 0.826921
0.575590 0.473632
0.116146 0.666669
0.100211 0.015519
0.521204 0.958862
0.647241 0.988803
0.472777 0.773988
0.292598 0.678076
0.005253 0.084302
0.227728 0.024982
0.192483 0.643466
0.695051 0.767371
0.699083 0.393843
0.110325 0.743581
0.366700 0.059427
0.913973 0.852339
0.041822 0.442757
0.530289 0.534775
0.829239 0.085754
0.181639 0.802255
0.964058 0.377270
0.204166 0.772236
0.535213 0.894255
0.942170 0.394036
0.364697 0.748788
0.260277 0.547431
0.449294 0.979805
0.205627 0.979186
0.505354 0.576249
0.376777 0.606119
0.322222 0.547424
0.111639 0.558020
0.826197 0.566717
0.693706 0.959720
0.984457 0.106444
0.393979 0.858838
0.937146 0.654415
0.315429 0.894204
0.035897 0.556937
0.687474 0.269693
0.788324 0.268321
0.469882 0.349159
0.060553 0.303529
0.868677 0.720421
0.273688 0.988507
0.641014 0.889690
0.745094 0.181791
0.871694 0.862581
0.771719 0.501364
0.240852 0.743817
0.530172 0.232339
0.670576 0.144964
0.377100 0.013866
0.637571 0.628010
0.673424 0.607810
0.369683 0.632327
0.827277 0.537047
0.606002 0.333534
0.853066 0.147869
0.593423 0.665006
0.377808 0.698824
0.516961 0.296249
0.690983 0.407399
0.616780 0.707075
0.130415 0.996348
0.831817 0.622530
0.824213 0.173033
0.928026 0.980687
0.567637 0.648009
0.718706 0.293959
0.403744 0.753191
0.165030 0.734274
0.297995 0.455284
0.856791 0.523438
0.149524 0.576764
0.616578 0.242251
0.265570 0.334553
0.744979 0.485396
0.340590 0.885613
0.730088 0.883879
0.927908 0.429068
0.081500 0.892730
0.369220 0.556034
0.317149 0.898953
0.156152 0.961206
0.030752 0.143146
0.738021 0.334348
0.398281 0.667961
0.861309 0.235181
0.443824 0.007554
0.628853 0.021769
0.878318 0.614375
0.600560 0.450358
0.349097 0.083168
0.422502 0.393709
0.493827 0.076729
0.667515 0.235340
0.279332 0.483980
0.797994 0.888676
0.723971 0.748143
0.420324 0.062964
0.251652 0.491244
0.290478 0.351917
0.606209 0.530946
0.851549 0.956384
0.466820 0.136649
0.436566 0.368973
0.648258 0.904054
0.653702 0.146379
0.044232 0.940824
0.886041 0.974285
0.277706 0.150763
0.284352 0.590056
0.359006 0.279829
0.108847 0.770029
0.520695 0.044609
0.784718 0.511096
0.797605 0.102295
0.576253 0.740313
0.851076 0.840954
0.355641 0.371699
0.998376 0.969873
0.545115 0.295910
0.401434 0.671953
0.944852 0.936393
0.893420 0.643636
0.824123 0.334679
0.977405 0.692558
0.349432 0.337852
0.118200 0.689096
0.150958 0.352822
0.566680 0.575217
0.587385 0.304885
0.605292 0.822498
0.059247 0.892147
0.284103 0.200924
0.542211 0.962757
0.428686 0.971040
0.364240 0.858477
0.944274 0.644271
0.134404 0.865983
0.215043 0.269676
0.646100 0.496378
0.703059 0.800169
0.523768 0.173770
0.688308 0.467163
0.359720 0.055348
0.459419 0.249881
0.096463 0.128253
0.164100 0.463998
0.449980 0.432639
0.958953 0.214038
0.240685 0.245678
0.060273 0.954920
0.601327 0.327845
0.790577 0.690275
0.164893 0.880696
0.740051 0.398610
0.500618 0.694436
0.717727 0.123169
0.262477 0.073923
0.254161 0.787262
0.742095 0.523383
0.035512 0.204108
0.776781 0.842918
0.798352 0.938676
0.253436 0.244031
0.895205 0.648767
0.770393 0.326734
0.952711 0.283529
0.371752 0.277373
0.787491 0.049842
0.652593 0.444214
0.019194 0.370480
0.948467 0.526887
0.625874 0.152687
0.768876 0.976160
0.023761 0.561764
0.111964 0.842099
0.121646 0.151529
0.806459 0.231561
0.199529 0.641936
0.566923 0.740003
0.391827 0.853910
0.019669 0.708014
0.017356 0.312417
0.559237 0.919523
0.991486 0.810998
0.529118 0.406510
0.080245 0.794500
0.885431 0.354161
0.811845 0.761448
0.198589 0.710725
0.447999 0.013470
0.575477 0.997978
0.535570 0.986449
0.843509 0.990992
0.208503 0.086496
0.127917 0.390083
0.590658 0.423629
0.774950 0.343089
0.362069 0.086957
0.426200 0.692776
0.794333 0.637456
0.933029 0.122021
0.335228 0.307841
0.715144 0.948491
0.128342 0.993811
0.113645 0.180930
0.690388 0.496897
0.266408 0.590724
0.337071 0.636375
0.042438 0.975312
0.847758 0.786178
0.611917 0.494069
0.289884 0.112489
0.299884 0.942673
0.885946 0.288633
0.474108 0.098542
0.299080 0.746155
0.351430 0.817803
0.737644 0.584419
0.771933 0.393338
0.834900 0.105811
0.186584 0.793811
0.346787 0.569571
0.331503 0.795184
0.328953 0.164561
0.320849 0.689078
0.603617 0.389692
0.180296 0.206434
0.007509 0.000501
0.164425 0.530290
0.124041 0.431332
0.553826 0.788076
0.946030 0.134799
0.011572 0.211702
0.189697 0.593690
0.993681 0.232794
0.786364 0.855192
0.154551 0.140794
0.415127 0.313311
0.165836 0.573251
0.808009 0.122549
0.876041 0.030464
0.958473 0.064432
0.278156 0.810745
0.294839 0.908157
0.323938 0.247937
0.342095 0.307631
0.225972 0.899394
0.388713 0.059400
0.522454 0.380516
0.199523 0.109431
0.844667 0.871004
0.871369 0.041454
0.023406 0.928362
0.515140 0.905522
0.898156 0.135790
0.566004 0.152701
0.951613 0.284431
0.173010 0.130260
0.682171 0.244079
0.299953 0.061471
0.448300 0.411748
0.881261 0.685086
0.371264 0.644183
0.619868 0.761808
0.766425 0.878158
0.788414 0.468535
0.488427 0.221578
0.700808 0.295885
0.521819 0.158718
0.358083 0.440484
0.126240 0.654541
0.140644 0.840744
0.854065 0.365886
0.318435 0.943297
0.798448 0.871429
0.581182 0.007017
0.501003 0.817659
0.752831 0.252521
0.050877 0.144720
0.347417 0.447261
0.040786 0.103819
0.648045 0.579799
0.210601 0.607001
0.546319 0.121603
0.805377 0.560446
0.466465 0.000639
0.902247 0.224043
0.316560 0.818309
0.219398 0.312848
0.558699 0.029711
0.210372 0.510129
0.170586 0.776967
0.568251 0.297070
0.482965 0.816319
0.616792 0.520781
0.620441 0.511916
0.449390 0.920136
0.547701 0.182712
0.091783 0.908053
0.528753 0.183597
0.410679 0.269178
0.143776 0.977882
0.968066 0.073541
0.876279 0.115466
0.529718 0.029610
0.682727 0.469508
0.476462 0.704259
0.887429 0.304135
0.938067 0.522511
0.207413 0.746707
0.072143 0.226558
0.705159 0.020391
0.544245 0.521354
0.991504 0.356243
0.930377 0.963221
0.056656 0.848763
0.459444 0.758258
0.694211 0.644847
0.240670 0.028901
0.601204 0.763266
0.879836 0.279909
0.886646 0.530320
0.178219 0.249063
0.901657 0.087009
0.429390 0.063305
0.016245 0.674051
0.681579 0.637574
0.210902 0.433306
0.217114 0.551487
0.125641 0.277632
0.415446 0.218111
0.514742 0.975944
0.112610 0.019404
0.892396 0.976200
0.547465 0.224530
0.522589 0.646279
0.993867 0.930081
0.806006 0.551192
0.217979 0.965363
0.547372 0.104797
0.971180 0.691233
0.548577 0.435140
0.831606 0.887593
0.466089 0.584816
0.841118 0.472488
0.895585 0.231179
0.549562 0.624862
0.202374 0.955970
0.274435 0.993375
0.703117 0.719926
0.611646 0.065281
0.422514 0.605134
0.491839 0.442234
0.798013 0.076376
0.366767 0.723973
0.386314 0.982461
0.431520 0.936197
0.837297 0.269475
0.140941 0.955538
0.144208 0.910159
0.662338 0.182409
0.453328 0.867032
0.321663 0.791566
0.522033 0.001694
0.546598 0.250633
0.251046 0.718618
0.287545 0.438374
0.584865 0.789058
0.406287 0.617405
0.473750 0.239115
0.062142 0.720112
0.521329 0.405757
0.696712 0.891884
0.403791 0.265564
0.820868 0.002405
0.139787 0.923185
0.441416 0.883565
0.814604 0.709978
0.629897 0.381675
0.417803 0.688037
0.432302 0.922008
0.040465 0.480767
0.045981 0.175307
0.796309 0.258415
0.948857 0.588730
0.480408 0.395434
0.456058 0.997819
0.159856 0.786277
0.000384 0.271432
0.602671 0.057203
0.285583 0.958173
0.694375 0.943904
0.345153 0.200701
0.766115 0.918229
0.454482 0.763416
0.063844 0.742021
0.790377 0.879360
0.424997 0.002049
0.709618 0.763772
0.597271 0.837242
0.526911 0.064603
0.533510 0.007930
0.712705 0.224366
0.427394 0.176484
0.502592 0.713092
0.216500 0.769771
0.012552 0.358723
0.772516 0.076020
0.088119 0.549153
0.022762 0.292213
0.280548 0.909211
0.802866 0.082811
0.539377 0.166246
0.327328 0.836617
0.438309 0.309567
0.782907 0.215794
0.010122 0.821842
0.699138 0.779560
0.556371 0.714674
0.430984 0.434755
0.118917 0.335892
0.300519 0.216516
0.652856 0.432749
0.687725 0.434470
0.324245 0.753014
0.634867 0.533363
0.770998 0.545084
0.334610 0.111754
0.611686 0.678583
0.208937 0.418387
0.964453 0.748509
0.154088 0.303078
0.247081 0.448856
0.926161 0.037431
0.069285 0.705726
0.572685 0.640417
0.599569 0.545303
0.277377 0.344847
0.391548 0.438673
0.978470 0.622967
0.288430 0.913296
0.645399 0.752906
0.689353 0.550079
0.154320 0.252416
0.157618 0.095312
0.289821 0.632331
0.078344 0.308354
0.518369 0.829395
0.831897 0.338803
0.828458 0.366587
0.739473 0.880979
0.113049 0.758786
0.858490 0.088902
0.281851 0.932618
0.558002 0.251559
0.534139 0.461534
0.688143 0.526097
0.997206 0.230653
0.072608 0.605672
0.241226 0.740625
0.999517 0.059060
0.018220 0.635761
0.363523 0.220703
0.940970 0.198876
0.120798 0.932760
0.717150 0.493800
0.758610 0.144783
0.984598 0.556209
0.552453 0.362034
0.755577 0.534423
0.486265 0.200027
0.971027 0.964047
0.845023 0.850761
0.690237 0.423784
0.654078 0.095188
0.997013 0.664506
0.335861 0.606808
0.790348 0.929622
0.182131 0.682923
0.245750 0.592025
0.498733 0.212882
0.882820 0.421360
0.569867 0.646791
0.855302 0.765100
0.910167 0.963480
0.291776 0.677881
0.625408 0.153167
0.258303 0.565771
0.086478 0.528049
0.188769 0.225643
0.536256 0.253211
0.434304 0.254522
0.695362 0.850552
0.920115 0.679781
0.910259 0.070056
0.766186 0.318255
0.895973 0.445572
0.127746 0.810860
0.665769 0.056372
0.442055 0.498982
0.811373 0.501118
0.729981 0.309927
0.899879 0.857453
0.593996 0.600902
0.387291 0.448293
0.078634 0.474522
0.113659 0.565001
0.615131 0.423515
0.141069 0.907969
0.858857 0.288313
0.423298 0.396738
0.346350 0.418429
0.554712 0.174637
0.548123 0.616990
0.636042 0.087030
0.074148 0.917523
0.115950 0.647589
0.500761 0.493099
0.319852 0.523660
0.530962 0.030104
0.261221 0.869570
0.974448 0.712454
0.245686 0.415908
0.339416 0.556739
0.724468 0.083078
0.665060 0.214792
0.831295 0.029106
0.591879 0.517398
0.045672 0.464462
0.566292 0.971321
0.465465 0.270814
0.506752 0.141577
0.243018 0.445960
0.220451 0.351831
0.841583 0.663770
0.352868 0.418050
0.902602 0.785860
0.676834 0.194000
0.679461 0.990784
0.083446 0.551906
0.189584 0.296910
0.724088 0.047581
0.464301 0.646722
0.370963 0.926538
0.534701 0.393164
0.212965 0.316100
0.081724 0.982734
0.984389 0.418222
0.000034 0.865387
0.535876 0.268736
0.477756 0.177896
0.700166 0.160957
0.577944 0.545210
0.579650 0.145036
0.722692 0.423400
0.188349 0.109222
0.927082 0.768165
0.717909 0.825120
0.107723 0.454476
0.565310 0.996296
0.299374 0.795763
0.659453 0.788034
0.153261 0.715175
0.554412 0.535799
0.661897 0.606781
0.219077 0.330903
0.657840 0.691189
0.446068 0.964130
0.267541 0.717904
0.327216 0.271547
0.166519 0.195857
0.298572 0.271425
0.178372 0.943880
0.844821 0.607215
0.487676 0.644508
0.071130 0.718719
0.495600 0.257344
0.999891 0.852080
0.137127 0.602307
0.630481 0.488954
0.300050 0.158472
0.512043 0.026177
0.838436 0.140756
0.822524 0.569499
0.557064 0.214620
0.721539 0.518413
0.458366 0.788003
0.050354 0.213825
0.489706 0.680093
0.289180 0.296326
0.006337 0.108120
0.050108 0.580002
0.174215 0.356220
0.283467 0.185237
0.576833 0.194508
0.806035 0.393673
0.361581 0.101872
0.721429 0.189456
0.363632 0.612572
0.796200 0.733158
0.779167 0.654597
0.879542 0.078196
0.124794 0.576843
0.010209 0.284344
0.416281 0.672506
0.941127 0.708859
0.727292 0.397689
0.430383 0.663023
0.547592 0.157098
0.796645 0.810332
0.650201 0.482768
0.917778 0.652322
0.498322 0.667140
0.063291 0.198976
0.575350 0.428393
0.694452 0.452901
0.405091 0.983799
0.640290 0.649936
0.444351 0.985959
0.863395 0.293554
0.476341 0.137151
0.366312 0.896452
0.610891 0.938581
0.657523 0.999881
0.506238 0.954241
0.595395 0.479810
0.967217 0.173109
0.359146 0.368689
0.645956 0.538844
0.757806 0.422599
0.173705 0.482674
0.081303 0.445769
0.686260 0.343080
0.222214 0.947931
0.370423 0.884918
0.852396 0.054717
0.355282 0.741049
0.025621 0.717266
0.999597 0.491067
0.695502 0.174439
0.385395 0.264634
0.287418 0.309522
0.617883 0.211000
0.643788 0.013019
0.353112 0.911628
0.374001 0.914108
0.827349 0.829481
0.883421 0.875581
0.545886 0.186347
0.130340 0.460533
0.704088 0.238690
0.465397 0.173821
0.359745 0.782882
0.744905 0.657273
0.353341 0.862233
0.277676 0.174859
0.981646 0.071147
0.064371 0.662519
0.470064 0.555765
0.219044 0.337056
0.360473 0.795874
0.424483 0.359487
0.033828 0.519402
0.766096 0.330476
0.720570 0.648723
0.313515 0.458935
0.516966 0.007061
0.374761 0.089626
0.121727 0.623650
0.434706 0.901546
0.234870 0.867901
0.407761 0.496142
0.819511 0.315698
0.984097 0.282833
0.717346 0.205004
0.529418 0.539080
0.429873 0.573368
0.210159 0.273219
0.229928 0.686466
0.759212 0.050454
0.151904 0.164714
0.571633 0.255959
0.824068 0.294046
0.625502 0.363694
0.552675 0.367338
0.059981 0.655548
0.545101 0.544537
0.110806 0.492671
0.668052 0.642420
0.502850 0.679272
0.676883 0.469003
0.330056 0.678949
0.423400 0.802961
0.914968 0.444568
0.152033 0.885055
0.133231 0.404912
0.628069 0.336370
0.212864 0.714847
0.506655 0.747305
0.073769 0.220434
0.047593 0.791580
0.859830 0.716419
0.008470 0.611165
0.434176 0.980744
0.307474 0.390823
0.257520 0.759207
0.837251 0.495147
0.250225 0.343135
0.632497 0.276236
0.950604 0.633875
0.446473 0.676817
0.525161 0.620186
0.675444 0.051452
0.960877 0.008046
0.485082 0.207554
0.075313 0.337142
0.939140 0.528325
0.817224 0.294269
0.908288 0.181285
0.698521 0.091116
0.545726 0.838957
0.097862 0.712364
0.156298 0.042340
0.606785 0.559763
0.357067 0.323171
0.551246 0.518838
0.529875 0.467582
0.314542 0.757086
0.700200 0.851591
0.112068 0.626004
0.141651 0.607984
0.423974 0.884035
0.201736 0.494495
0.378730 0.083462
0.072088 0.724786
0.998760 0.371540
0.485103 0.696580
0.368720 0.144606
0.608996 0.505410
0.467670 0.963652
0.734568 0.367802
0.618281 0.890812
0.699516 0.594274
0.249413 0.938440
0.379906 0.550459
0.942787 0.635952
0.993467 0.123670
0.540148 0.814293
0.405655 0.572657
0.424238 0.583909
0.106978 0.279858
0.955051 0.139302
0.038848 0.848316
0.442258 0.461730
0.985293 0.189534
0.965360 0.211356
0.819121 0.733888
0.815032 0.101087
0.493674 0.661828
0.322296 0.826629
0.305127 0.101929
0.366566 0.190697
0.615285 0.570988
0.909270 0.404100
0.921138 0.541680
0.486686 0.672358
0.884993 0.914906
0.713771 0.083763
0.697751 0.346826
0.500180 0.503252
0.937965 0.834641
0.860361 0.646196
0.910607 0.700578
0.911486 0.757187
0.301980 0.130100
0.896169 0.351129
0.871032 0.718238
0.841341 0.287411
0.812363 0.057029
0.770287 0.042678
0.372485 0.257404
0.221791 0.423677
0.278449 0.440468
0.198492 0.118898
0.546754 0.655967
0.565963 0.426196
0.280465 0.389835
0.354683 0.213306
0.133773 0.808069
0.379018 0.669151
0.225768 0.150785
0.080442 0.686047
0.418986 0.238154
0.526684 0.776418
0.043315 0.879010
0.054137 0.272332
0.342161 0.083301
0.127769 0.182150
0.145288 0.371123
0.610960 0.485832
0.531552 0.143958
0.787079 0.838883
0.534778 0.037803
0.155311 0.624670
0.267328 0.413273
0.235121 0.045828
0.188431 0.654329
0.356936 0.477663
0.628161 0.745139
0.691025 0.619985
0.092959 0.673693
0.572223 0.078483
0.324897 0.571141
0.515068 0.882762
0.564437 0.137413
0.182064 0.105385
0.975192 0.826544
0.967224 0.184723
0.729271 0.469232
0.787685 0.774159
0.823049 0.495484
0.138128 0.941161
0.295765 0.686843
0.455859 0.321968
0.157133 0.435511
0.368882 0.401111
0.995172 0.816794
0.454894 0.429712
0.931791 0.391655
0.726091 0.622488
0.321153 0.547747
0.172823 0.180603
0.344677 0.360160
0.348544 0.376001
0.446544 0.407224
0.159180 0.402573
0.374882 0.712037
0.731942 0.950481
0.446329 0.997017
0.481780 0.492202
0.535481 0.736611
0.268086 0.082313
0.205741 0.072402
0.839915 0.067798
0.344411 0.515201
0.604922 0.481586
0.642382 0.500324
0.125354 0.049304
0.267567 0.285094
0.643861 0.677665
0.121282 0.381707
0.372573 0.012677
0.138040 0.703976
0.240762 0.156794
0.191790 0.873036
0.289610 0.916394
0.305395 0.674968
0.927006 0.014419
0.025212 0.492389
0.810949 0.547753
0.018894 0.642423
0.217056 0.594882
0.182102 0.945044
0.363852 0.286615
0.798580 0.518652
0.318901 0.841121
0.588107 0.753850
0.789531 0.034243
0.798111 0.651715
0.313808 0.327066
0.847277 0.229493
0.110574 0.404902
0.413273 0.494457
0.121781 0.195357
0.271745 0.565826
0.586032 0.527868
0.640050 0.884923
0.819121 0.473058
0.256681 0.095420
0.745568 0.057509
0.936193 0.098324
0.124517 0.488014
0.879429 0.990480
0.344078 0.239088
0.590153 0.080706
0.120051 0.358521
0.851735 0.944299
0.428190 0.127951
0.851322 0.524471
0.523539 0.778941
0.203965 0.618397
0.956048 0.309746
0.325463 0.695916
0.078610 0.573946
0.330227 0.890493
0.661782 0.719346
0.389247 0.174944
0.878922 0.744024
0.273299 0.188491
0.106077 0.406113
0.627799 0.917097
0.692934 0.974921
0.378272 0.445606
0.104247 0.343171
0.549164 0.298077
0.605629 0.833661
0.693809 0.461812
0.973209 0.628344
0.079590 0.050901
0.543600 0.123814
0.749936 0.706750
0.288783 0.674413
0.593543 0.255856
0.499908 0.122650
0.591256 0.849263
0.094707 0.236340
0.482358 0.793403
0.525104 0.672860
0.194512 0.548711
0.754777 0.373138
0.515434 0.920189
0.800846 0.351474
0.649385 0.293222
0.889526 0.692012
0.497867 0.878324
0.362489 0.188655
0.731451 0.320031
0.088844 0.472459
0.978448 0.698081
0.287078 0.659003
0.746187 0.903073
0.341934 0.517956
0.011917 0.604165
0.413136 0.918053
0.772950 0.542979
0.376036 0.832912
0.229381 0.685722
0.908657 0.506592
0.687817 0.844635
0.345293 0.472531
0.720807 0.740238
0.253711 0.995477
0.594204 0.117450
0.561196 0.163240
0.483497 0.451475
0.454071 0.293593
0.540169 0.983509
0.205994 0.541347
0.440442 0.311615
0.552260 0.591624
0.651300 0.528750
0.220478 0.107578
0.282472 0.947767
0.752429 0.164270
0.058101 0.782324
0.807556 0.245153
0.638104 0.762972
0.725472 0.503591
0.246778 0.559304
0.243012 0.899053
0.324990 0.051897
0.910788 0.506118
0.712327 0.951887
0.934866 0.764139
0.686878 0.001344
0.881087 0.686394
0.042846 0.004257
0.922734 0.079781
0.269993 0.235744
0.086653 0.639595
0.813954 0.356248
0.258594 0.378639
0.342732 0.817791
0.545471 0.225901
0.922249 0.890990
0.960373 0.787277
0.012597 0.864375
0.295618 0.199253
0.236684 0.671662
0.479749 0.726239
0.944255 0.187961
0.676336 0.253171
0.696796 0.702539
0.875586 0.107267
0.932649 0.623575
0.754175 0.706279
0.236667 0.299463
0.134398 0.375299
0.835049 0.951564
0.460629 0.300194
0.163543 0.104918
0.329255 0.992912
0.615959 0.576265
0.257668 0.832440
0.870011 0.032842
0.558540 0.214871
0.508784 0.370757
0.397562 0.597041
0.008633 0.678355
0.855944 0.250427
0.548168 0.347843
0.093416 0.855441
0.507954 0.977534
0.513138 0.161031
0.976897 0.067424
0.166814 0.810425
0.058788 0.152425
0.506499 0.091119
0.281290 0.940418
0.988983 0.805678
0.949681 0.226406
0.969307 0.679616
0.858963 0.839374
0.781879 0.723655
0.380465 0.645098
0.900823 0.749826
0.572899 0.675958
0.595606 0.804405
0.632808 0.787954
0.553652 0.625361
0.695705 0.855436
0.528571 0.358011
0.726662 0.405689
0.190789 0.669758
0.997977 0.768343
0.006781 0.093307
0.441518 0.268711
0.153771 0.897452
0.984676 0.729466
0.188691 0.035516
0.831380 0.561711
0.433322 0.753752
0.533417 0.024321
0.812005 0.255479
0.612350 0.809553
0.183912 0.411479
0.438587 0.973258
0.048843 0.883118
0.051746 0.369643
0.873630 0.181926
0.615184 0.173373
0.185672 0.127805
0.237651 0.775915
0.010779 0.887793
0.966296 0.328362
0.194414 0.278274
0.857792 0.469597
0.638596 0.295747
0.168125 0.326487
0.511130 0.904753
0.866678 0.701915
0.039506 0.956280
0.876450 0.476807
0.588702 0.735949
0.669879 0.643891
0.340322 0.048498
0.108450 0.063828
0.039889 0.933569
0.704363 0.988383
0.959779 0.077526
0.803787 0.630731
0.437206 0.737010
0.543797 0.579536
0.089834 0.522154
0.818852 0.651329
0.085987 0.700882
0.907724 0.854793
0.652115 0.780404
0.858090 0.500920
0.337073 0.998034
0.203503 0.134619
0.420940 0.010666
0.096295 0.886176
0.255514 0.510711
0.479945 0.045106
0.254302 0.716054
0.495802 0.144247
0.711695 0.682524
0.921526 0.608599
0.624240 0.169648
0.072456 0.071206
0.211291 0.353880
0.262102 0.787518
0.887987 0.028275
0.614293 0.190023
0.030465 0.053521
0.747021 0.516510
0.991307 0.732475
0.606818 0.618204
0.472703 0.468842
0.522548 0.508112
0.545432 0.540329
0.368788 0.945252
0.313697 0.067632
0.581490 0.367062
0.469003 0.292782
0.652426 0.780119
0.750694 0.093903
0.643959 0.798419
0.636414 0.258137
0.211944 0.878792
0.422690 0.410460
0.602145 0.944659
0.223973 0.653368
0.094299 0.012174
0.317912 0.910862
0.408030 0.136884
0.695289 0.689898
0.656089 0.984422
0.634955 0.473444
0.532938 0.595317
0.617278 0.241519
0.560487 0.461885
0.914015 0.680045
0.377829 0.864236
0.748210 0.482098
0.258118 0.522816
0.004597 0.772098
0.263246 0.016488
0.089192 0.090719
0.705802 0.087993
0.686128 0.566753
0.877812 0.912769
0.840500 0.871937
0.327042 0.642426
0.007855 0.305664
0.314205 0.050792
0.454158 0.888780
0.468193 0.908293
0.664463 0.659120
0.071485 0.789528
0.224185 0.456162
0.854192 0.379264
0.973794 0.358165
0.652711 0.983657
0.105895 0.592374
0.797777 0.876375
0.273090 0.177363
0.636730 0.313397
0.705679 0.776294
0.166084 0.535598
0.800158 0.240870
0.353065 0.844860
0.632659 0.107974
0.358537 0.887271
0.375866 0.874457
0.538786 0.606097
0.653626 0.220277
0.799938 0.937547
0.454376 0.476161
0.606289 0.213980
0.342670 0.539194
0.702660 0.412005
0.357520 0.128198
0.400883 0.837090
0.166903 0.740522
0.101850 0.571592
0.759725 0.922808
0.577083 0.029754
0.199686 0.500544
0.417548 0.261052
0.739895 0.224686
0.972533 0.222392
0.902770 0.888366
0.047629 0.099983
0.966651 0.342650
0.608448 0.903339
0.668738 0.997586
0.745474 0.976702
0.833346 0.333209
0.195485 0.777282
0.065186 0.664926
0.786278 0.255055
0.609244 0.908681
0.273964 0.435483
0.972018 0.373500
0.175896 0.354334
0.923293 0.672528
0.367320 0.322931
0.053279 0.688372
0.406141 0.612459
0.146870 0.154546
0.777720 0.037598
0.254928 0.822051
0.510432 0.592587
0.491931 0.368583
0.902721 0.246927
0.269962 0.177596
0.423705 0.243284
0.890957 0.865436
0.201907 0.756744
0.162280 0.966966
0.900488 0.572448
0.975100 0.503584
0.192384 0.517712
0.590722 0.252293
0.495052 0.745100
0.716946 0.410401
0.102058 0.604516
0.324656 0.007717
0.357539 0.765240
0.554300 0.856531
0.059594 0.452918
0.992552 0.049447
0.849975 0.151894
0.061385 0.016055
0.949956 0.889838
0.254922 0.931709
0.236075 0.269519
0.483879 0.835123
0.314456 0.741624
0.843047 0.156223
0.948745 0.222926
0.704189 0.481698
0.924187 0.055664
0.154899 0.292878
0.189192 0.476873
0.453363 0.099079
0.905778 0.220498
0.349650 0.859262
0.861537 0.610479
0.836055 0.835842
0.548353 0.519583
0.132192 0.056688
0.096851 0.866632
0.484947 0.374871
0.170615 0.903867
0.669060 0.710391
0.870510 0.406523
0.911028 0.434136
0.676950 0.018335
0.327172 0.011540
0.466782 0.429486
0.866145 0.961854
0.681469 0.767675
0.176793 0.908727
0.794547 0.568281
0.784229 0.998713
0.328886 0.956227
0.450118 0.246586
0.808055 0.219997
0.617594 0.429805
0.191139 0.787362
0.396899 0.999199
0.536644 0.722703
0.634736 0.098922
0.868668 0.257460
0.228508 0.195949
0.477297 0.538036
0.996012 0.007873
0.175239 0.729636
0.091840 0.387469
0.353968 0.849849
0.173626 0.573486
0.035242 0.222363
0.264479 0.749351
0.497574 0.239108
0.532317 0.164933
0.472356 0.198165
0.012515 0.171263
0.350555 0.345169
0.637163 0.394056
0.318485 0.887525
0.802429 0.929141
0.849922 0.673599
0.104897 0.881338
0.521883 0.433162
0.808450 0.788101
0.692678 0.960704
0.065154 0.470171
0.183361 0.389844
0.906786 0.633737
0.737541 0.754914
0.548042 0.112091
0.699494 0.364885
0.598142 0.979449
0.046861 0.125178
0.364455 0.895627
0.641724 0.834478
0.549927 0.947472
0.322640 0.656535
0.295526 0.941415
0.250277 0.421040
0.699556 0.571256
0.740561 0.143007
0.657632 0.136254
0.671785 0.166697
0.110256 0.516842
0.435940 0.637977
0.559352 0.928730
0.319534 0.588092
0.020781 0.570916
0.145492 0.772208
0.416785 0.659095
0.985234 0.547651
0.780439 0.493165
0.758835 0.499652
0.543645 0.146034
0.581223 0.226480
0.610843 0.080625
0.783619 0.681218
0.882519 0.502992
0.642011 0.734035
0.385790 0.541646
0.978206 0.166641
0.193712 0.406701
0.964064 0.139737
0.870671 0.527151
0.655794 0.284618
0.268080 0.290583
0.012745 0.961668
0.112822 0.416843
0.413894 0.901369
0.980248 0.185669
0.975303 0.397525
0.924223 0.708003
0.293066 0.457763
0.248639 0.181698
0.588839 0.832972
0.647947 0.604550
0.618827 0.645191
0.218701 0.731050
0.122126 0.412562
0.649767 0.154013
0.030628 0.630317
0.235743 0.268168
0.140219 0.708363
0.226333 0.530071
0.451807 0.988880
0.423800 0.867133
0.930734 0.771469
0.871315 0.308320
0.004435 0.758698
0.936910 0.910034
0.720730 0.101540
0.090923 0.832917
0.122946 0.272023
0.199230 0.988803
0.063072 0.319516
0.210218 0.021765
0.370471 0.677423
0.700387 0.513167
0.021201 0.578690
0.861603 0.207894
0.711769 0.311322
0.162468 0.747363
0.031214 0.999271
0.096917 0.864685
0.246675 0.329370
0.145067 0.248294
0.570152 0.661596
0.314529 0.312609
0.657961 0.257803
0.404776 0.927758
0.009410 0.943167
0.442843 0.755121
0.877521 0.374931
0.575554 0.211427
0.282171 0.234643
0.071614 0.241376
0.724782 0.082932
0.986346 0.017213
0.243777 0.319964
0.472486 0.403424
0.521256 0.680087
0.682392 0.525700
0.853934 0.955745
0.700163 0.065529
0.935128 0.193633
0.966605 0.965271
0.559661 0.435120
0.215606 0.073278
0.559795 0.183375
0.027445 0.884614
0.507894 0.171165
0.722675 0.940141
0.980257 0.676217
0.469678 0.635240
0.466643 0.585075
0.159614 0.159118
0.331269 0.641774
0.814438 0.036685
0.583616 0.834248
0.036790 0.277155
0.601163 0.669215
0.284999 0.447046
0.361209 0.165428
0.562095 0.079962
0.185233 0.755490
0.444649 0.711503
0.476775 0.928062
0.245402 0.484909
0.442614 0.365116
0.503089 0.711493
0.327072 0.533035
0.923502 0.989644
0.260528 0.171647
0.357759 0.487188
0.425804 0.891937
0.396918 0.774084
0.879840 0.141015
0.686483 0.155926
0.033151 0.122005
0.119996 0.803459
0.485799 0.866884
0.657863 0.099266
0.646206 0.551920
0.635688 0.530039
0.317884 0.318164
0.075812 0.141305
0.229211 0.313598
0.696442 0.041210
0.302671 0.408866
0.024631 0.690937
0.312516 0.055130
0.262574 0.751569
0.463599 0.050429
0.331051 0.070681
0.339150 0.560043
0.819570 0.986662
0.611580 0.596691
0.409627 0.504761
0.887922 0.308019
0.705688 0.056061
0.070313 0.841656
0.307910 0.489080
0.651951 0.262248
0.391286 0.663402
0.440261 0.980209
0.017785 0.515743
0.301540 0.418546
0.901280 0.751058
0.655142 0.191942
0.369394 0.374795
0.610286 0.901425
0.822134 0.127106
0.834891 0.758245
0.074043 0.505824
0.473349 0.642245
0.584787 0.472226
0.688961 0.872812
0.732507 0.122081
0.696775 0.924618
0.964929 0.574213
0.473890 0.555730
0.875128 0.079785
0.686780 0.332216
0.992031 0.887733
0.759035 0.331299
0.350124 0.715258
0.417907 0.884139
0.708530 0.767004
0.504376 0.579737
0.626505 0.122551
0.308959 0.393004
0.470582 0.969033
0.204301 0.722938
0.828011 0.594221
0.885610 0.330905
0.731783 0.275089
0.101278 0.654424
0.564473 0.197903
0.358611 0.738401
0.501271 0.328051
0.723312 0.073660
0.877004 0.711353
0.496482 0.961691
0.917609 0.033295
0.249108 0.634883
0.863426 0.388596
0.421617 0.253138
0.629859 0.120779
0.454829 0.070595
0.800344 0.279851
0.208679 0.520280
0.927255 0.715968
0.246378 0.699893
0.828264 0.077885
0.414228 0.758502
0.808869 0.017278
0.031078 0.981776
0.516171 0.713448
0.916453 0.952522
0.434700 0.427674
0.432691 0.023586
0.871964 0.172454
0.693937 0.481838
0.649566 0.738088
0.103657 0.204759
0.615167 0.257551
0.422354 0.315303
0.521219 0.210314
0.638472 0.326010
0.778304 0.266754
0.018002 0.529977
0.084097 0.657035
0.842104 0.944141
0.953365 0.811780
0.507083 0.939417
0.730095 0.866636
0.857363 0.802603
0.749748 0.248750
0.849632 0.866557
0.937790 0.970458
0.905118 0.517987
0.280105 0.443916
0.597005 0.346341
0.281499 0.600161
0.641277 0.932579
0.740480 0.847063
0.511826 0.293255
0.911604 0.932831
0.384436 0.793164
0.401154 0.095249
0.529312 0.418924
0.947518 0.971512
0.718097 0.666206
0.574603 0.619533
0.688865 0.934926
0.474737 0.658797
0.221368 0.249580
0.376975 0.977346
0.914852 0.325977
0.087342 0.671150
0.332046 0.491004
0.349489 0.883176
0.775469 0.728647
0.167395 0.991607
0.595990 0.173330
0.256162 0.160205
0.598605 0.700767
0.342607 0.608514
0.806700 0.876845
0.624282 0.085559
0.573600 0.416668
0.813706 0.937962
0.788987 0.478748
0.844016 0.851837
0.717819 0.573426
0.492894 0.817570
0.830667 0.599952
0.893567 0.117566
0.836929 0.543265
0.144806 0.169270
0.016160 0.659365
0.006295 0.869236
0.857805 0.557258
0.971386 0.678765
0.965918 0.445817
0.846187 0.067585
0.162956 0.955509
0.332066 0.089297
0.735581 0.367774
0.008107 0.800769
0.805383 0.788952
0.540678 0.957392
0.878770 0.791014
0.909216 0.917095
0.732784 0.307931
0.930484 0.968236
0.927414 0.124400
0.387967 0.359960
0.399987 0.122712
0.628746 0.158347
0.793535 0.563926
0.577097 0.677656
0.398555 0.071097
0.732232 0.643175
0.846382 0.655177
0.867003 0.430693
0.982427 0.078277
0.825070 0.697314
0.668820 0.084372
0.025925 0.469311
0.618539 0.544094
0.030357 0.284969
0.746898 0.358133
0.793328 0.303811
0.941305 0.042863
0.036918 0.388334
0.596479 0.282148
0.512896 0.040392
0.739878 0.370912
0.792641 0.731533
0.080851 0.398877
0.621556 0.605124
0.857090 0.226998
0.805777 0.747797
0.923228 0.794464
0.060904 0.228731
0.128986 0.060744
0.245616 0.887517
0.668040 0.934997
0.927487 0.414829
0.743846 0.874274
0.283952 0.614832
0.594917 0.442296
0.928300 0.864280
0.649612 0.012182
0.368733 0.690415
0.339280 0.969360
0.457941 0.078326
0.888620 0.225000
0.371311 0.588105
0.223447 0.585643
0.363806 0.613135
0.988548 0.541325
0.798692 0.143054
0.552146 0.332321
0.715745 0.208450
0.788482 0.733757
0.512193 0.779023
0.376360 0.857684
0.146581 0.262964
0.329005 0.413795
0.643922 0.912510
0.479392 0.292838
0.579887 0.379103
0.685226 0.040871
0.652467 0.381344
0.589072 0.777848
0.411452 0.949851
0.871635 0.380651
0.709226 0.995417
0.070006 0.298494
0.460815 0.010295
0.197721 0.197780
0.856755 0.557196
0.599767 0.743789
0.259293 0.826531
0.703217 0.218217
0.630573 0.949689
0.582943 0.344420
0.490900 0.944590
0.551926 0.646316
0.085801 0.139499
0.306948 0.902262
0.652564 0.672046
0.512994 0.771815
0.420054 0.192646
0.093494 0.471131
0.250051 0.214959
0.908557 0.451887
0.634002 0.650793
0.949642 0.398916
0.096004 0.942800
0.656669 0.503401
0.920985 0.865546
0.472326 0.891268
0.526490 0.504038
0.288405 0.290570
0.727101 0.138476
0.010265 0.506980
0.602485 0.765017
0.068058 0.043111
0.673178 0.764525
0.337169 0.245237
0.612677 0.794797
0.595324 0.690108
0.780022 0.326445
0.340138 0.134866
0.444016 0.368614
0.518397 0.244707
0.688359 0.837938
0.477168 0.485767
0.636399 0.712606
0.236861 0.024813
0.814873 0.583141
0.007664 0.212671
0.187909 0.462474
0.723304 0.244940
0.635745 0.750116
0.249879 0.891368
0.427009 0.058718
0.842548 0.764376
0.539102 0.206009
0.369159 0.457592
0.518097 0.051126
0.797403 0.026809
0.937779 0.011521
0.450935 0.708689
0.416826 0.035149
0.579857 0.476584
0.583807 0.522356
0.862337 0.018242
0.341608 0.192835
0.556599 0.986731
0.276021 0.175305
0.156358 0.923798
0.077686 0.660972
0.567795 0.083940
0.402208 0.306614
0.022459 0.497871
0.680203 0.199092
0.168008 0.005617
0.007191 0.600290
0.037532 0.662352
0.392655 0.880008
0.888175 0.874195
0.328263 0.014020
0.221127 0.856503
0.847156 0.775515
0.647552 0.523851
0.989372 0.280335
0.648833 0.718684
0.862894 0.859936
0.694526 0.764778
0.295459 0.330692
0.627746 0.691965
0.409207 0.604155
0.705200 0.120182
0.318372 0.240122
0.187908 0.713789
0.549680 0.982797
0.918668 0.321144
0.715741 0.540111
0.893632 0.399833
0.433657 0.867210
0.437870 0.094518
0.474235 0.997347
0.228622 0.382225
0.651591 0.026910
0.074946 0.029013
0.018607 0.206021
0.058784 0.712282
0.520627 0.212139
0.369989 0.554620
0.377915 0.591310
0.926651 0.487910
0.116833 0.040194
0.662109 0.320531
0.350359 0.671719
0.181307 0.115839
0.120472 0.658190
0.341704 0.506718
0.858100 0.677920
0.197736 0.868833
0.790738 0.404898
0.662858 0.854324
0.933507 0.875764
0.189493 0.648045
0.636349 0.944332
0.744756 0.450017
0.028200 0.191102
0.368595 0.110666
0.598409 0.593730
0.641041 0.549470
0.586332 0.984088
0.456561 0.573024
0.811945 0.818588
0.606003 0.975120
0.073483 0.070610
0.800483 0.349290
0.262523 0.117403
0.936512 0.873365
0.902601 0.338510
0.598049 0.435954
0.904356 0.768782
0.018607 0.866350
0.948373 0.556246
0.985419 0.702215
0.056294 0.163577
0.457636 0.883506
0.591446 0.221659
0.991864 0.996450
0.142129 0.694688
0.420868 0.207986
0.483902 0.548488
0.615064 0.828918
0.091587 0.427214
0.571461 0.523173
0.477390 0.938307
0.520989 0.540849
0.968453 0.021583
0.222723 0.994396
0.405320 0.535522
0.122252 0.120082
0.642192 0.632337
0.591539 0.671024
0.660536 0.713101
0.038846 0.073403
0.569513 0.755214
0.279897 0.744087
0.759858 0.586680
0.195182 0.015740
0.002252 0.245194
0.363406 0.444588
0.336911 0.904707
0.057313 0.886376
0.187996 0.978161
0.715711 0.617650
0.254649 0.912285
0.764268 0.952328
0.379850 0.878832
0.447721 0.257670
0.778963 0.036357
0.157400 0.009054
0.721752 0.287619
0.590545 0.539619
0.004806 0.489905
0.961638 0.438644
0.325746 0.889072
0.401053 0.131662
0.976217 0.142804
0.622580 0.035650
0.107616 0.674569
0.918958 0.824235
0.191659 0.257004
0.553296 0.760711
0.197283 0.661894
0.654334 0.760758
0.436087 0.933680
0.794779 0.832127
0.990385 0.344375
0.534468 0.805114
0.131137 0.370014
0.343935 0.815548
0.157432 0.092229
0.488962 0.831077
0.644847 0.273269
0.653016 0.621919
0.176947 0.978771
0.301980 0.968822
0.252323 0.029799
0.054412 0.573849
0.209006 0.754151
0.610561 0.093690
0.688749 0.476672
0.114704 0.950561
0.375571 0.939263
0.177880 0.092356
0.486150 0.373533
0.171877 0.671564
0.764030 0.262487
0.820399 0.691556
0.535310 0.922394
0.559610 0.029227
0.720352 0.911934
0.617776 0.884536
0.564262 0.932982
0.272551 0.630388
0.248257 0.325819
0.284464 0.240365
0.474743 0.481323
0.076462 0.957172
0.580810 0.493657
0.831902 0.631293
0.728029 0.159195
0.317174 0.207161
0.240850 0.990903
0.900189 0.163281
0.221555 0.262128
0.932222 0.323082
0.156649 0.219715
0.388175 0.344877
0.347720 0.513596
0.419099 0.372164
0.649220 0.578489
0.260842 0.779598
0.176294 0.173053
0.764008 0.685324
0.357671 0.532821
0.662912 0.916955
0.951825 0.625486
0.585043 0.416331
0.419014 0.810551
0.717566 0.647301
0.347454 0.800120
0.993678 0.431115
0.468840 0.193553
0.639194 0.775632
0.166544 0.015951
0.928500 0.687365
0.279261 0.628918
0.039077 0.659529
0.433537 0.101746
0.965066 0.514584
0.100518 0.632190
0.552901 0.546364
0.065425 0.888178
0.855806 0.454752
0.022682 0.205316
0.169023 0.394951
0.565272 0.419752
0.303876 0.573748
0.923835 0.741955
0.886386 0.216787
0.429159 0.484169
0.724859 0.403697
0.821145 0.642815
0.580988 0.222042
0.207989 0.306793
0.000232 0.926393
0.691238 0.613664
0.209820 0.305449
0.415534 0.507873
0.476497 0.257951
0.076283 0.868680
0.731167 0.657266
0.724148 0.670182
0.713885 0.944856
0.042178 0.711786
0.370188 0.534444
0.139542 0.114717
0.738537 0.031551
0.305267 0.218634
0.108683 0.477174
0.096029 0.732130
0.802075 0.309726
0.593967 0.991897
0.527937 0.505962
0.663648 0.967541
0.902459 0.409469
0.561736 0.212516
0.383570 0.084393
0.308571 0.306384
0.570048 0.642432
0.817778 0.459559
0.541283 0.882733
0.898204 0.858949
0.672759 0.757161
0.891880 0.021361
0.152408 0.627534
0.892374 0.891277
0.244236 0.016758
0.199815 0.670584
0.198180 0.572390
0.912033 0.400056
0.588947 0.259026
0.325683 0.125870
0.781617 0.375004
0.126855 0.079183
0.168084 0.849249
0.187629 0.672724
0.795938 0.415727
0.153160 0.275646
0.020211 0.685772
0.903318 0.666302
0.848403 0.842715
0.403555 0.782376
0.720537 0.668530
0.421594 0.888751
0.568498 0.878870
0.079702 0.565737
0.132730 0.290685
0.236708 0.983756
0.679363 0.175714
0.249615 0.775298
0.457187 0.263528
0.751542 0.440955
0.461368 0.249355
0.700912 0.633552
0.329646 0.334805
0.106226 0.852875
0.486749 0.283706
0.511394 0.053232
0.974071 0.710607
0.538547 0.417043
0.754208 0.836104
0.528388 0.079890
0.663693 0.741012
0.592570 0.905942
0.602380 0.230492
0.198249 0.507380
0.994130 0.779598
0.741871 0.577443
0.031079 0.673318
0.437422 0.263916
0.722482 0.377015
0.243782 0.748395
0.309221 0.377309
0.486478 0.416351
0.176316 0.218748
0.291067 0.004016
0.998343 0.228270
0.938524 0.890342
0.486439 0.467247
0.777427 0.265739
0.770610 0.780076
0.383406 0.254050
0.147367 0.418563
0.243235 0.190179
0.650223 0.613002
0.359088 0.163030
0.659404 0.633665
0.817928 0.621868
0.557143 0.340551
0.551640 0.313978
0.256227 0.954568
0.225434 0.072423
0.282013 0.799938
0.435220 0.004984
0.971886 0.065462
0.169061 0.448793
0.271218 0.211387
0.793470 0.649938
0.551132 0.508965
0.662251 0.503250
0.850952 0.341391
0.813723 0.844766
0.956968 0.317679
0.121596 0.727776
0.769233 0.955101
0.695433 0.833139
0.479343 0.671201
0.288531 0.665505
0.184747 0.092986
0.964235 0.469306
0.698876 0.238728
0.296108 0.861870
0.481441 0.956943
0.933032 0.025723
0.809542 0.117445
0.447255 0.928123
0.537762 0.440984
0.001529 0.443120
0.054200 0.526816
0.520932 0.439867
0.329460 0.591680
0.735608 0.870677
0.276884 0.668965
0.672580 0.643278
0.994850 0.533512
0.917959 0.593941
0.845770 0.415280
0.245282 0.191649
0.741442 0.644274
0.011370 0.698172
0.450700 0.729415
0.058032 0.384936
0.222853 0.015704
0.726076 0.064747
0.529196 0.986827
0.987523 0.634946
0.264895 0.484479
0.632586 0.548292
0.324860 0.601027
0.909860 0.128823
0.069753 0.768745
0.011386 0.432201
0.832054 0.616678
0.318602 0.913506
0.277161 0.495334
0.380922 0.510180
0.130793 0.179713
0.185541 0.873788
0.511477 0.152818
0.395276 0.391499
0.865731 0.044622
0.880628 0.326661
0.293558 0.255569
0.052942 0.877582
0.873163 0.529066
0.217442 0.204579
0.446364 0.253966
0.408091 0.507616
0.209936 0.575972
0.940619 0.050309
0.373166 0.975916
0.225764 0.620806
0.088197 0.833273
0.221643 0.296025
0.837286 0.634848
0.272364 0.532968
0.469852 0.911433
0.979398 0.549295
0.122276 0.689321
0.182874 0.675079
0.324676 0.228935
0.091908 0.858624
0.701422 0.089416
0.096209 0.791474
0.805955 0.105869
0.815644 0.181204
0.795502 0.695069
0.500090 0.545316
0.847577 0.015787
0.978824 0.525533
0.447692 0.901484
0.976868 0.129024
0.936484 0.155981
0.765107 0.491554
0.994530 0.756812
0.791688 0.727291
0.064373 0.746330
0.154083 0.180971
0.061845 0.107214
0.514409 0.930360
0.112572 0.716892
0.334971 0.700403
0.464548 0.554505
0.116682 0.445218
0.173989 0.694369
0.659929 0.730024
0.639208 0.261501
0.235591 0.702352
0.566030 0.447635
0.953378 0.880354
0.488308 0.890246
0.545264 0.205737
0.538416 0.202451
0.243758 0.809855
0.765084 0.208268
0.427872 0.723695
0.929783 0.485549
0.234106 0.325975
0.377865 0.148022
0.385393 0.668304
0.276980 0.408219
0.077878 0.942325
0.242811 0.354669
0.883585 0.260994
0.130974 0.549581
0.276407 0.614614
0.563957 0.507365
0.569543 0.331991
0.583264 0.849665
0.764418 0.628019
0.669475 0.949192
0.054264 0.851274
0.256712 0.172494
0.499994 0.858634
0.783049 0.410910
0.701617 0.538688
0.264693 0.449289
0.125402 0.881671
0.359283 0.863672
0.115129 0.150883
0.892482 0.561982
0.515193 0.649042
0.862033 0.785863
0.263997 0.292718
0.004768 0.377172
0.277970 0.709008
0.114587 0.379216
0.439721 0.850807
0.433215 0.590692
0.528243 0.190530
0.600581 0.519371
0.484772 0.396847
0.847965 0.292943
0.494765 0.024988
0.344570 0.476020
0.984704 0.158389
0.867003 0.415147
0.781762 0.127924
0.251156 0.687802
0.365106 0.404713
0.407277 0.466668
0.349467 0.513455
0.031579 0.127105
0.084814 0.345457
0.531484 0.223583
0.530355 0.564034
0.096679 0.039929
0.366773 0.889655
0.294430 0.278626
0.647491 0.928189
0.045129 0.095959
0.157970 0.862853
0.342871 0.612688
0.051396 0.768915
0.625856 0.234023
0.259839 0.529943
0.272737 0.598011
0.641836 0.335372
0.303547 0.738071
0.820536 0.521378
0.997646 0.093246
0.190948 0.080532
0.806152 0.328847
0.630509 0.510428
0.632621 0.540524
0.034092 0.797456
0.283283 0.306392
0.912745 0.239129
0.646906 0.224691
0.944856 0.496829
0.954430 0.028562
0.549124 0.740582
0.289792 0.104882
0.260604 0.998436
0.375877 0.260685
0.934273 0.855256
0.543365 0.878564
0.574983 0.459211
0.705246 0.181538
0.898320 0.388959
0.106072 0.188229
0.563792 0.310533
0.592571 0.080790
0.389976 0.510119
0.161016 0.130877
0.760612 0.327423
0.576792 0.033066
0.861333 0.234051
0.932889 0.480452
0.348625 0.802281
0.116596 0.083793
0.545780 0.091848
0.287444 0.283386
0.284996 0.045847
0.634504 0.731983
0.070473 0.331559
0.877417 0.737406
0.324256 0.688017
0.203098 0.745103
0.094724 0.249317
0.588800 0.513765
0.757069 0.501191
0.752322 0.591201
0.915748 0.498062
0.291378 0.933044
0.930806 0.718786
0.926728 0.023431
0.233163 0.471519
0.147427 0.654692
0.868316 0.071598
0.971608 0.602141
0.513640 0.111097
0.982495 0.790453
0.551315 0.014643
0.276889 0.189680
0.647130 0.733346
0.472147 0.601837
0.684791 0.867151
0.457720 0.703074
0.836047 0.725648
0.148610 0.191797
0.008835 0.838364
0.100638 0.659737
0.908847 0.207782
0.481199 0.850759
0.474300 0.161790
0.554239 0.301367
0.499373 0.007034
0.534448 0.967167
0.848695 0.810572
0.393241 0.331177
0.783400 0.544495
0.957839 0.662705
0.568731 0.516634
0.434858 0.549639
0.713777 0.480210
0.311045 0.562334
0.905906 0.066252
0.436389 0.923867
0.945563 0.214839
0.978589 0.359322
0.761552 0.094707
0.852922 0.875821
0.892580 0.595470
0.177826 0.085410
0.657739 0.852687
0.284069 0.824478
0.606781 0.423261
0.814152 0.246269
0.740454 0.667075
0.488629 0.267119
0.421828 0.610555
0.187348 0.232418
0.861445 0.068797
0.096091 0.934907
0.552314 0.085117
0.802971 0.665740
0.055156 0.810381
0.393883 0.807889
0.090005 0.789175
0.792686 0.591767
0.977139 0.245876
0.819268 0.024600
0.088530 0.370888
0.697457 0.677887
0.120367 0.795798
0.034803 0.971413
0.677913 0.415928
0.617493 0.827626
0.875839 0.469749
0.716256 0.086788
0.400359 0.316810
0.982865 0.871159
0.753899 0.669377
0.431895 0.165589
0.208699 0.127634
0.448696 0.242217
0.332659 0.744322
0.242053 0.198617
0.818900 0.001903
0.668826 0.801536
0.749943 0.023809
0.897872 0.032515
0.358044 0.061062
0.951865 0.217005
0.805160 0.296548
0.768145 0.385201
0.499187 0.791415
0.053540 0.560677
0.987498 0.961588
0.873135 0.001992
0.524503 0.317083
0.609232 0.032794
0.996861 0.322793
0.654318 0.987566
0.008111 0.146659
0.960625 0.972975
0.573951 0.749584
0.358909 0.598925
0.060008 0.241208
0.380362 0.568739
0.705895 0.676613
0.168121 0.034510
0.322495 0.501273
0.948615 0.921509
0.523826 0.665021
0.448033 0.004633
0.160519 0.020549
0.585486 0.380250
0.458835 0.997933
0.751986 0.118366
0.737328 0.703871
0.993125 0.302913
0.472677 0.532858
0.453412 0.372065
0.916842 0.097178
0.511492 0.655815
0.429667 0.783633
0.138004 0.274667
0.184160 0.527110
0.141660 0.111146
0.926142 0.454584
0.134121 0.394924
0.025591 0.897891
0.240563 0.552721
0.143923 0.899546
0.810359 0.365729
0.459638 0.743157
0.641095 0.150168
0.544156 0.228412
0.519163 0.630692
0.660315 0.380384
0.201481 0.411685
0.467967 0.033853
0.315417 0.468124
0.864221 0.265570
0.037797 0.875526
0.960313 0.960880
0.828890 0.077570
0.002777 0.895833
0.943582 0.350389
0.383445 0.591890
0.919471 0.764076
0.751026 0.857575
0.750412 0.864838
0.636394 0.369864
0.994074 0.505314
0.934395 0.867876
0.633370 0.735928
0.046879 0.532364
0.114143 0.436749
0.484853 0.906760
0.615304 0.417194
0.252043 0.278992
0.272638 0.039984
0.387830 0.788010
0.773783 0.036150
0.634429 0.644964
0.469440 0.069451
0.311350 0.766166
0.904655 0.781456
0.129600 0.803461
0.464042 0.502599
0.858738 0.027383
0.646120 0.549918
0.471804 0.769394
0.334471 0.048740
0.636344 0.161788
0.317214 0.513466
0.194099 0.727272
0.221322 0.001697
0.577672 0.965003
0.974621 0.516271
0.949334 0.455797
0.885817 0.471434
0.215322 0.166487
0.441710 0.462162
0.968407 0.571861
0.960796 0.279797
0.842151 0.932349
0.313709 0.102488
0.722191 0.566596
0.023554 0.055537
0.753072 0.240298
0.192917 0.884596
0.103537 0.856136
0.869410 0.313776
0.008871 0.474381
0.657875 0.771064
0.695777 0.319736
0.614940 0.555056
0.413479 0.837156
0.720374 0.189863
0.944102 0.047928
0.509755 0.669145
0.646081 0.426974
0.774238 0.525590
0.296258 0.273336
0.585753 0.178740
0.739479 0.078015
0.289765 0.811935
0.628932 0.706843
0.522733 0.108236
0.346117 0.310737
0.757744 0.535540
0.526261 0.751739
0.359286 0.512713
0.483165 0.990388
0.636951 0.711399
0.226851 0.318518
0.927876 0.952290
0.698083 0.541254
0.309031 0.639963
0.305724 0.212981
0.142997 0.447019
0.846053 0.814280
0.294666 0.006101
0.407600 0.320293
0.521334 0.697456
0.920700 0.955727
0.234949 0.230080
0.597903 0.057658
0.562820 0.606077
0.629504 0.874535
0.391858 0.230704
0.147926 0.818272
0.871503 0.384695
0.655301 0.156019
0.671735 0.010794
0.820534 0.379195
0.145127 0.783030
0.795299 0.519588
0.425695 0.725139
0.972824 0.495811
0.412324 0.223590
0.418988 0.168113
0.530841 0.141095
0.042155 0.155534
0.146348 0.878016
0.936376 0.626623
0.506224 0.651974
0.231933 0.213398
0.134225 0.970060
0.217942 0.917970
0.667425 0.253385
0.463582 0.382217
0.230251 0.840330
0.157717 0.173133
0.573687 0.142685
0.911088 0.799941
0.372731 0.557984
0.820896 0.023798
0.271493 0.851694
0.684537 0.646882
0.492870 0.114504
0.867396 0.374894
0.088493 0.072829
0.479035 0.535467
0.194721 0.484730
0.192754 0.404722
0.981701 0.588816
0.255442 0.645160
0.335097 0.090288
0.977781 0.890340
0.693846 0.966132
0.269295 0.825227
0.882350 0.450588
0.588374 0.205866
0.221808 0.922343
0.014359 0.137983
0.682928 0.056535
0.016891 0.591345
0.351027 0.527476
0.897184 0.565199
0.014616 0.752113
0.806503 0.539839
0.259794 0.649608
0.709093 0.850296
0.055362 0.159001
0.649914 0.400410
0.447340 0.304795
0.211997 0.699010
0.646597 0.929372
0.103873 0.544624
0.489620 0.821534
0.404449 0.811171
0.979961 0.862039
0.110874 0.694263
0.376703 0.979877
0.284340 0.466252
0.086331 0.167095
0.269448 0.257878
0.435664 0.535388
0.174645 0.635342
0.256064 0.414210
0.044462 0.773855
0.092906 0.788072
0.928624 0.842213
0.769361 0.949739
0.358829 0.807636
0.979793 0.106445
0.580882 0.246123
0.565655 0.817795
0.258020 0.900770
0.135518 0.566907
0.260707 0.669011
0.730933 0.470450
0.588818 0.419423
0.311105 0.118554
0.434068 0.539755
0.931894 0.802211
0.883677 0.400038
0.628453 0.933608
0.790705 0.978131
0.175853 0.293938
0.892134 0.739767
0.098324 0.853609
0.342702 0.491145
0.525295 0.301343
0.450648 0.329356
0.751191 0.091524
0.550950 0.004378
0.645991 0.773255
0.632290 0.976127
0.384844 0.599935
0.545913 0.201018
0.317569 0.934770
0.367686 0.214714
0.182659 0.765463
0.759102 0.391221
0.285459 0.720479
0.978618 0.353218
0.706444 0.339572
0.531652 0.384468
0.083116 0.992904
0.315691 0.352424
0.017763 0.765929
0.516428 0.087561
0.703423 0.831307
0.441464 0.385749
0.931643 0.314463
0.940045 0.800928
0.248180 0.426036
0.050472 0.177566
0.656578 0.682272
0.041227 0.435889
0.934592 0.363549
0.067522 0.467567
0.324723 0.971560
0.251899 0.125531
0.087655 0.337286
0.115675 0.198824
0.166198 0.204734
0.937419 0.951862
0.997349 0.569535
0.795340 0.277198
0.331401 0.786827
0.762366 0.761888
0.769548 0.479458
0.965852 0.999747
0.615236 0.575412
0.998280 0.295279
0.549544 0.382423
0.470973 0.499809
0.587164 0.468147
0.339762 0.096271
0.747102 0.255806
0.999699 0.806396
0.880986 0.668120
0.045345 0.932467
0.141943 0.856415
0.023794 0.365564
0.648255 0.037145
0.469542 0.693194
0.998571 0.724698
0.003447 0.121416
0.429237 0.197163
0.302463 0.990066
0.569334 0.860879
0.302465 0.504393
0.945314 0.289910
0.083435 0.932414
0.614652 0.108197
0.504406 0.924504
0.566745 0.555008
0.805002 0.800234
0.819286 0.528381
0.071058 0.617165
0.459683 0.136625
0.673730 0.587324
0.233579 0.304541
0.534668 0.939282
0.666362 0.778875
0.344219 0.637241
0.118566 0.956614
0.665335 0.463264
0.622357 0.320103
0.192720 0.844763
0.823859 0.904529
0.304964 0.466583
0.864820 0.146218
0.446781 0.145485
0.577214 0.664244
0.809189 0.664580
0.935603 0.013229
0.237305 0.266227
0.314684 0.211816
0.288682 0.284137
0.733173 0.899130
0.889448 0.958901
0.930273 0.300654
0.091234 0.825897
0.817222 0.795312
0.018748 0.190487
0.573982 0.767116
0.216037 0.112669
0.419889 0.597636
0.248901 0.011789
0.877172 0.109602
0.601555 0.471692
0.167479 0.507337
0.617586 0.077615
0.234133 0.876305
0.478398 0.148398
0.766611 0.601908
0.986741 0.041038
0.518774 0.646773
0.228611 0.299341
0.158681 0.486127
0.023705 0.294411
0.865341 0.642436
0.442770 0.161945
0.896559 0.183375
0.569630 0.779760
0.392067 0.251255
0.116303 0.248726
0.747416 0.677411
0.461561 0.841247
0.996657 0.001658
0.176438 0.663647
0.775600 0.764748
0.124601 0.342331
0.602524 0.770903
0.781185 0.888257
0.409450 0.127800
0.500564 0.520303
0.484667 0.263041
0.081758 0.635277
0.245971 0.788944
0.129515 0.300837
0.554114 0.041622
0.389842 0.617288
0.597269 0.355662
0.450617 0.045222
0.729825 0.652308
0.941114 0.328169
0.032650 0.716917
0.638676 0.952928
0.776966 0.620550
0.696421 0.184954
0.420294 0.100913
0.542808 0.592164
0.240455 0.359474
0.872025 0.627753
0.222401 0.654405
0.543608 0.281078
0.352695 0.273150
0.140317 0.025402
0.047737 0.953709
0.395263 0.292268
0.044395 0.590386
0.692409 0.484491
0.715455 0.107569
0.368979 0.103245
0.437381 0.714208
0.604012 0.909433
0.334125 0.362041
0.264154 0.165519
0.448312 0.122180
0.196003 0.911223
0.149863 0.367546
0.103691 0.914949
0.382204 0.102733
0.331083 0.412552
0.167471 0.518246
0.579860 0.996027
0.644663 0.862632
0.837946 0.046920
0.798496 0.023910
0.567118 0.922746
0.951740 0.790772
0.504349 0.699421
0.040108 0.624413
0.268288 0.648704
0.666314 0.913424
0.330505 0.786839
0.938707 0.107035
0.810505 0.769112
0.139904 0.826121
0.984187 0.124720
0.342173 0.036706
0.357346 0.327351
0.188820 0.637312
0.648971 0.479085
0.194644 0.359366
0.053522 0.448736
0.083559 0.708953
0.707001 0.150415
0.877756 0.788582
0.368580 0.274154
0.680353 0.229201
0.947703 0.187589
0.352224 0.135593
0.655975 0.916214
0.573774 0.902341
0.243841 0.079426
0.103695 0.992925
0.993959 0.410582
0.399297 0.291129
0.886328 0.021474
0.146760 0.431742
0.624668 0.885151
0.664744 0.596694
0.019191 0.105715
0.591037 0.623083
0.557820 0.419695
0.739489 0.911153
0.866104 0.030844
0.523245 0.543154
0.155434 0.318675
0.880362 0.228102
0.689898 0.180764
0.209147 0.172807
0.763971 0.769851
0.423123 0.746142
0.676433 0.168971
0.869296 0.851390
0.710307 0.111346
0.518448 0.250579
0.184272 0.196471
0.532476 0.695102
0.227943 0.179831
0.041305 0.608481
0.051530 0.820891
0.720745 0.240027
0.129857 0.462481
0.552638 0.662218
0.901330 0.984445
0.969990 0.719984
0.294408 0.025359
0.442271 0.056674
0.637254 0.398401
0.439898 0.639370
0.280689 0.440883
0.631922 0.785252
0.570206 0.631714
0.117249 0.551136
0.639749 0.187035
0.467254 0.489860
0.868089 0.501473
0.366441 0.200064
0.738080 0.240970
0.677846 0.800017
0.269707 0.612833
0.831146 0.441484
0.159781 0.839671
0.534013 0.246231
0.254285 0.146063
0.941008 0.595616
0.003793 0.630320
0.579364 0.532827
0.108036 0.238401
0.527296 0.147661
0.642637 0.683035
0.568014 0.205355
0.579155 0.558332
0.301400 0.953822
0.759030 0.088618
0.485352 0.997753
0.062667 0.919985
0.200093 0.363396
0.726808 0.114001
0.781271 0.394413
0.506525 0.035272
0.851464 0.917100
0.652552 0.138004
0.194772 0.192307
0.480368 0.751450
0.665413 0.531793
0.644331 0.840105
0.798839 0.098332
0.098344 0.371741
0.302632 0.331729
0.123951 0.364837
0.144498 0.647029
0.737399 0.906692
0.525973 0.536529
0.249145 0.434506
0.632967 0.973830
0.742450 0.353899
0.688103 0.065995
0.762079 0.632855
0.494795 0.228992
0.559843 0.353782
0.359357 0.771951
0.830600 0.332355
0.004908 0.667371
0.990490 0.819051
0.849698 0.457245
0.698631 0.987754
0.812455 0.699200
0.504116 0.385515
0.628685 0.092082
0.212112 0.768570
0.514377 0.437015
0.805997 0.781905
0.897359 0.887840
0.536892 0.753158
0.851587 0.523899
0.097615 0.466360
0.815949 0.138528
0.634992 0.157018
0.156680 0.278186
0.722623 0.127224
0.141310 0.990027
0.315628 0.318007
0.932071 0.439795
0.139534 0.895826
0.277995 0.547302
0.927415 0.411098
0.687481 0.053338
0.412533 0.368889
0.996871 0.979703
0.008145 0.115349
0.415655 0.273172
0.661829 0.788225
0.325174 0.534545
0.458557 0.705740
0.335243 0.125533
0.164944 0.975374
0.361931 0.619096
0.056496 0.292532
0.779725 0.512927
0.050345 0.868846
0.022634 0.361155
0.377878 0.180801
0.361313 0.995921
0.774835 0.761617
0.967078 0.308347
0.440851 0.572810
0.788713 0.137498
0.826096 0.586537
0.214282 0.176324
0.639574 0.085870
0.967668 0.445128
0.341801 0.847307
0.198379 0.805998
0.784014 0.808350
0.263178 0.195710
0.586699 0.042686
0.269396 0.739983
0.312168 0.866485
0.052317 0.678551
0.479069 0.681569
0.892825 0.078391
0.991109 0.724651
0.946532 0.641520
0.607970 0.236616
0.051891 0.524146
0.673277 0.691747
0.312358 0.975557
0.432669 0.634061
0.606426 0.777967
0.924409 0.356360
0.969426 0.922670
0.605673 0.127382
0.612247 0.693172
0.589519 0.923346
0.194694 0.342593
0.610761 0.652473
0.854963 0.850477
0.613332 0.674505
0.411793 0.823251
0.157424 0.011977
0.102088 0.462920
0.681584 0.025991
0.194401 0.670195
0.023121 0.486440
0.827400 0.771093
0.499586 0.905125
0.462547 0.060162
0.284755 0.719940
0.411422 0.338819
0.774462 0.419251
0.000756 0.893909
0.130778 0.977848
0.071950 0.909433
0.217473 0.039313
0.676937 0.133489
0.695329 0.124374
0.028531 0.732841
0.132821 0.770791
0.990921 0.659116
0.605811 0.917559
0.654791 0.523484
0.409351 0.034661
0.831558 0.930781
0.185317 0.469369
0.622525 0.459386
0.981550 0.231031
0.571278 0.989766
0.501303 0.968538
0.291453 0.882437
0.076250 0.208115
0.877019 0.585232
0.701927 0.013833
0.848547 0.610061
0.811449 0.109194
0.866430 0.461011
0.331447 0.155380
0.950845 0.018429
0.963642 0.320229
0.488264 0.087778
0.566091 0.491724
0.875635 0.307377
0.970083 0.490772
0.255848 0.375753
0.561811 0.420256
0.431950 0.607182
0.482374 0.850838
0.712557 0.153088
0.355310 0.888696
0.137241 0.837347
0.037790 0.296394
0.258181 0.445095
0.009765 0.745252
0.413170 0.477562
0.664751 0.966121
0.215110 0.839474
0.946648 0.035144
0.804405 0.660991
0.488840 0.282100
0.263219 0.472696
0.655048 0.341123
0.474331 0.250036
0.655777 0.677086
0.622384 0.422695
0.219895 0.515659
0.481590 0.804748
0.137758 0.481022
0.611515 0.543032
0.360511 0.402449
0.591340 0.604031
0.239554 0.689450
0.463031 0.023675
0.920872 0.394891
0.625164 0.129793
0.870798 0.586473
0.521661 0.213569
0.003002 0.929201
0.603502 0.674212
0.900836 0.444930
0.206502 0.490129
0.184902 0.259811
0.184548 0.980261
0.162578 0.776436
0.365218 0.210837
0.514414 0.114709
0.153491 0.075654
0.921737 0.853940
0.899306 0.032084
0.220437 0.078388
0.966016 0.710375
0.877864 0.479468
0.789311 0.130411
0.332887 0.800040
0.599980 0.057929
0.013599 0.219694
0.898929 0.111322
0.652831 0.374669
0.219149 0.590489
0.858519 0.582005
0.186869 0.640800
0.764166 0.494776
0.402925 0.288091
0.984018 0.853714
0.205408 0.084714
0.028285 0.220261
0.945949 0.592022
0.795601 0.577073
0.014529 0.691240
0.753115 0.464211
0.481503 0.762575
0.939016 0.882747
0.890557 0.101475
0.977936 0.542225
0.432606 0.551313
0.886619 0.154405
0.458193 0.223395
0.565392 0.382936
0.044713 0.348001
0.520382 0.747083
0.124857 0.754308
0.542104 0.247374
0.503927 0.212373
0.777950 0.731971
0.946243 0.886963
0.879272 0.054848
0.394626 0.450875
0.678160 0.890289
0.301996 0.984472
0.154703 0.662978
0.000413 0.648548
0.292408 0.428903
0.010411 0.259193
0.787634 0.699555
0.202295 0.316211
0.478300 0.140337
0.761069 0.740744
0.787798 0.793872
0.977998 0.563087
0.441965 0.979836
0.994306 0.068296
0.210098 0.305187
0.756323 0.455048
0.445458 0.282145
0.606432 0.892294
0.756327 0.895976
0.130446 0.968614
0.225639 0.090648
0.109595 0.920780
0.215323 0.547622
0.684081 0.700879
0.940959 0.321529
0.125211 0.895459
0.682972 0.866217
0.934395 0.745509
0.712530 0.735615
0.339845 0.032674
0.753460 0.776106
0.645591 0.394980
0.075914 0.940549
0.302474 0.714433
0.123190 0.948856
0.017068 0.579195
0.910014 0.895960
0.692016 0.464669
0.298758 0.565287
0.500055 0.200656
0.659489 0.644272
0.934050 0.495855
0.350402 0.258228
0.246634 0.776331
0.917093 0.239822
0.295614 0.361165
0.902331 0.333658
0.445051 0.046381
0.682339 0.098936
0.837010 0.497307
0.801333 0.617881
0.045227 0.459907
0.862907 0.243619
0.849497 0.693215
0.155079 0.528397
0.628374 0.697854
0.835189 0.161521
0.657804 0.769718
0.681515 0.216123
0.424620 0.643255
0.130389 0.254825
0.916343 0.005387
0.560765 0.876619
0.732546 0.458953
0.562576 0.100728
0.778053 0.093673
0.230937 0.577979
0.244557 0.682958
0.365094 0.996153
0.564765 0.666525
0.819248 0.203037
0.031970 0.501605
0.151750 0.509364
0.817997 0.669629
0.149864 0.353552
0.193743 0.610664
0.769167 0.011137
0.859092 0.124420
0.519874 0.314021
0.422748 0.324552
0.356725 0.408129
0.237599 0.062039
0.684797 0.422786
0.993484 0.843815
0.180480 0.551129
0.696801 0.664380
0.745023 0.448072
0.925153 0.841029
0.057489 0.040815
0.535307 0.897380
0.874606 0.816642
0.323988 0.775276
0.436918 0.403700
0.493603 0.171720
0.083808 0.792694
0.158756 0.595351
0.454372 0.860908
0.544472 0.816085
0.456801 0.954678
0.973323 0.741868
0.525823 0.162441
0.216193 0.398141
0.555936 0.567681
0.290211 0.608398
0.297568 0.209596
0.327419 0.178387
0.933977 0.699033
0.709028 0.871816
0.018598 0.438181
0.262648 0.232033
0.945723 0.174801
0.953697 0.352010
0.651813 0.185189
0.167181 0.024067
0.300403 0.724818
0.372382 0.311093
0.290461 0.511599
0.690488 0.472667
0.046266 0.913898
0.644013 0.352295
0.696225 0.203933
0.156879 0.786105
0.928770 0.706916
0.695329 0.328678
0.025360 0.927255
0.292386 0.608310
0.313768 0.765384
0.082332 0.921832
0.059286 0.752245
0.886768 0.258241
0.117102 0.823188
0.340062 0.800716
0.506041 0.529017
0.019542 0.098230
0.432022 0.739153
0.054609 0.520787
0.189000 0.830340
0.728938 0.316442
0.795811 0.074077
0.661254 0.573587
0.189275 0.436900
0.252708 0.658621
0.287053 0.289894
0.222651 0.246934
0.258189 0.587280
0.219663 0.894271
0.894920 0.918633
0.690960 0.205878
0.066241 0.465306
0.420872 0.052426
0.851912 0.298810
0.407834 0.954580
0.104960 0.647411
0.039414 0.712171
0.871434 0.726930
0.846161 0.589265
0.308063 0.482679
0.467595 0.883068
0.481631 0.121741
0.847482 0.502404
0.708315 0.628224
0.090530 0.260644
0.896875 0.548898
0.858972 0.948298
0.696503 0.212557
0.665009 0.892091
0.118327 0.203702
0.923905 0.630190
0.698928 0.349607
0.172536 0.537347
0.204961 0.699559
0.429505 0.719094
0.339817 0.976036
0.275465 0.260700
0.906471 0.759821
0.866085 0.964474
0.405072 0.234518
0.755125 0.038085
0.099459 0.660667
0.101389 0.806937
0.173754 0.875636
0.560847 0.415216
0.718310 0.022679
0.924028 0.653100
0.933706 0.401048
0.348797 0.501719
0.122175 0.798759
0.859941 0.722782
0.747729 0.920580
0.639527 0.836427
0.089439 0.556065
0.515761 0.128675
0.786714 0.945906
0.973144 0.908972
0.881116 0.399604
0.953004 0.098665
0.796135 0.593469
0.690996 0.372857
0.064540 0.135136
0.846996 0.500933
0.512306 0.919298
0.222807 0.235146
0.038798 0.519070
0.434426 0.082023
0.094821 0.358376
0.008132 0.557932
0.453269 0.692974
0.503445 0.078008
0.891567 0.491221
0.431074 0.456747
0.960716 0.150387
0.930212 0.108919
0.102726 0.610333
0.397136 0.431055
0.996304 0.833562
0.515792 0.516608
0.160172 0.809158
0.431144 0.312008
0.523969 0.207821
0.127318 0.556168
0.888665 0.566235
0.425123 0.362590
0.941544 0.411157
0.397318 0.101103
0.765250 0.047178
0.415046 0.315332
0.586036 0.826754
0.485111 0.772375
0.843274 0.597144
0.015363 0.382746
0.530472 0.676074
0.654190 0.651508
0.157410 0.146451
0.390207 0.525624
0.613718 0.480168
0.669480 0.987881
0.676114 0.502002
0.890188 0.514376
0.894669 0.486872
0.268399 0.560387
0.117913 0.747159
0.733687 0.568545
0.972229 0.411538
0.209604 0.603605
0.197922 0.222748
0.361545 0.609674
0.862481 0.088954
0.653356 0.458645
0.121013 0.811818
0.344063 0.412663
0.374445 0.884129
0.877380 0.358808
0.388029 0.500844
0.969213 0.190784
0.175851 0.959564
0.582151 0.010245
0.231450 0.440005
0.890971 0.399511
0.990309 0.746704
0.289500 0.877745
0.246928 0.975207
0.466673 0.794310
0.617302 0.219196
0.588452 0.335819
0.037090 0.374497
0.662304 0.027557
0.716395 0.815629
0.232193 0.095240
0.934002 0.221542
0.654631 0.319738
0.547074 0.109406
0.340083 0.565188
0.116736 0.698804
0.509070 0.990075
0.105622 0.573394
0.208616 0.061157
0.690401 0.233090
0.562209 0.881760
0.350424 0.037034
0.485235 0.018789
0.543086 0.226121
0.387896 0.966921
0.457133 0.683535
0.708904 0.623778
0.047086 0.842776
0.475775 0.666507
0.295076 0.684833
0.471351 0.518011
0.920849 0.079678
0.001204 0.670221
0.566324 0.821962
0.702878 0.492095
0.818020 0.586764
0.315444 0.291684
0.298828 0.688493
0.836658 0.324432
0.460017 0.964502
0.035029 0.643961
0.635026 0.324697
0.855407 0.176995
0.378520 0.509419
0.859228 0.170620
0.107323 0.380088
0.474358 0.207964
0.584296 0.630578
0.494499 0.317482
0.841857 0.152013
0.964425 0.311367
0.728764 0.409677
0.314844 0.380210
0.381962 0.097918
0.369475 0.143907
0.574691 0.027423
0.636972 0.812889
0.072714 0.668985
0.121609 0.849101
0.842454 0.028821
0.739177 0.532779
0.197989 0.562758
0.308358 0.138909
0.748244 0.650065
0.002830 0.006356
0.311429 0.742442
0.095707 0.643002
0.800638 0.679656
0.805403 0.151842
0.452719 0.820518
0.060840 0.685824
0.671937 0.576424
0.043923 0.343342
0.190587 0.654331
0.438528 0.901607
0.210681 0.817102
0.417763 0.051773
0.683932 0.251309
0.535055 0.347491
0.911741 0.696105
0.849678 0.907717
0.202486 0.331477
0.813587 0.024910
0.410400 0.050185
0.673996 0.221381
0.798416 0.144906
0.404908 0.969403
0.816829 0.630594
0.470859 0.244788
0.070267 0.391766
0.047401 0.318991
0.957355 0.095438
0.675431 0.711392
0.210669 0.342632
0.710206 0.021297
0.838944 0.844858
0.340981 0.438235
0.779191 0.506713
0.403448 0.089550
0.903288 0.171705
0.684729 0.025836
0.891764 0.445635
0.929440 0.567639
0.886917 0.450359
0.295389 0.940948
0.768078 0.580459
0.578778 0.614357
0.353727 0.336354
0.131287 0.517343
0.828354 0.089579
0.025225 0.367022
0.216349 0.199463
0.687983 0.659783
0.780899 0.245154
0.923286 0.494592
0.812744 0.262896
0.964293 0.286340
0.391852 0.785738
0.962400 0.600467
0.354448 0.171269
0.105608 0.794205
0.878526 0.172758
0.381630 0.885106
0.812865 0.960008
0.853442 0.084161
0.117752 0.828499
0.198778 0.728633
0.560015 0.648830
0.180090 0.928857
0.110636 0.703249
0.657818 0.103580
0.330143 0.931968
0.737310 0.720059
0.395119 0.769267
0.648559 0.977928
0.318597 0.687792
0.997943 0.880019
0.347774 0.289227
0.102444 0.118594
0.484382 0.280486
0.219371 0.472124
0.566221 0.956782
0.618391 0.955534
0.372789 0.876429
0.607716 0.795985
0.773573 0.256935
0.822581 0.416600
0.024519 0.247951
0.311691 0.002112
0.936332 0.643835
0.216097 0.893329
0.787692 0.787097
0.125010 0.011342
0.537122 0.383684
0.514332 0.747800
0.099163 0.702083
0.026259 0.274171
0.193681 0.160397
0.732050 0.020727
0.551535 0.619078
0.935139 0.155148
0.065505 0.791676
0.518034 0.250939
0.812291 0.061983
0.313985 0.977483
0.739562 0.653151
0.493205 0.566410
0.211441 0.532848
0.493461 0.013032
0.536479 0.658246
0.596126 0.456988
0.064094 0.165601
