0.986134 0.839370
0.267959 0.251931
0.435838 0.923059
0.195695 0.355241
0.802419 0.222294
0.676419 0.067563
0.947410 0.510733
0.703166 0.175333
0.558298 0.951707
0.512319 0.169518
0.379741 0.719646
0.618264 0.041246
0.502813 0.281959
0.970119 0.407523
0.345495 0.843977
0.643539 0.597082
0.368754 0.128472
0.219833 0.448457
0.889923 0.486519
0.150171 0.350721
0.578760 0.317852
0.954387 0.491872
0.351407 0.916607
0.061906 0.370696
0.413634 0.152269
0.466583 0.374979
0.147119 0.845833
0.137738 0.632297
0.381158 0.307643
0.306445 0.399131
0.347068 0.266078
0.329119 0.969939
0.273696 0.335157
0.819730 0.459828
0.149820 0.244396
0.137460 0.842822
0.652855 0.285633
0.118380 0.312291
0.623176 0.819272
0.147738 0.370913
0.749489 0.226316
0.283710 0.054618
0.323073 0.392792
0.163955 0.348290
0.017333 0.669563
0.853098 0.160565
0.654017 0.263260
0.622254 0.190873
0.828542 0.183008
0.890966 0.643981
0.084301 0.192779
0.207459 0.025562
0.049415 0.700708
0.194829 0.186924
0.579307 0.154344
0.848836 0.377841
0.484592 0.304806
0.437204 0.313494
0.866167 0.652966
0.520837 0.164854
0.428003 0.497254
0.294143 0.941414
0.393064 0.265369
0.524622 0.950991
0.808841 0.231111
0.861187 0.893386
0.096458 0.292776
0.176137 0.673024
0.670856 0.220956
0.907512 0.200255
0.339512 0.671333
0.076526 0.291814
0.973239 0.301950
0.769056 0.278022
0.635008 0.534688
0.390665 0.077624
0.951385 0.857071
0.931399 0.310717
0.016021 0.073267
0.809589 0.486070
0.525807 0.582056
0.603186 0.421181
0.167650 0.584764
0.122603 0.831742
0.497494 0.107582
0.830872 0.461782
0.683068 0.860398
0.574855 0.216520
0.517985 0.248221
0.955567 0.507098
0.057194 0.301447
0.436146 0.419626
0.072442 0.897693
0.462762 0.380588
0.281240 0.410599
0.456776 0.706436
0.964012 0.839947
0.525725 0.797304
0.151447 0.552654
0.136180 0.763083
0.037741 0.995616
0.793338 0.954648
0.655262 0.129108
0.980160 0.213892
0.132342 0.873359
0.223165 0.653234
0.048255 0.561140
0.172484 0.428662
0.498082 0.245631
0.010525 0.279857
0.485055 0.725545
0.336632 0.576843
0.169083 0.318413
0.914355 0.234626
0.317578 0.738146
0.313471 0.135625
0.028298 0.914429
0.530646 0.634275
0.423834 0.229196
0.130644 0.308981
0.553475 0.439380
0.314230 0.373693
0.180600 0.505331
0.589451 0.064688
0.482351 0.650738
0.399698 0.877697
0.943227 0.242582
0.145003 0.746366
0.885395 0.498611
0.522238 0.125084
0.145870 0.604984
0.005433 0.467550
0.384354 0.558231
0.589160 0.776996
0.385429 0.933318
0.625940 0.744849
0.504896 0.823584
0.702909 0.491619
0.102466 0.398513
0.023455 0.077201
0.401627 0.881714
0.686328 0.757258
0.722392 0.264237
0.587703 0.428271
0.443771 0.737235
0.410963 0.825813
0.370201 0.653219
0.314445 0.819015
0.399778 0.806590
0.479189 0.578688
0.522036 0.961813
0.636685 0.487443
0.209159 0.851564
0.060940 0.407172
0.206856 0.317357
0.279615 0.322618
0.579819 0.871616
0.935818 0.439304
0.621504 0.722849
0.815084 0.529909
0.899171 0.224528
0.041370 0.695279
0.272441 0.783464
0.841381 0.734544
0.197314 0.494930
0.078312 0.003406
0.007436 0.159459
0.964090 0.980486
0.150555 0.880211
0.973471 0.758657
0.550491 0.139981
0.003825 0.331664
0.363557 0.113365
0.251250 0.855838
0.403282 0.982323
0.106608 0.032592
0.418391 0.192283
0.614372 0.379413
0.226395 0.911151
0.682676 0.435406
0.428780 0.435044
0.284694 0.882014
0.063646 0.922230
0.349508 0.150351
0.087811 0.630725
0.904880 0.333663
0.022752 0.785198
0.304831 0.126749
0.447394 0.305254
0.051705 0.073743
0.275654 0.889893
0.805412 0.621479
0.917759 0.371855
0.661769 0.347742
0.491756 0.830789
0.677401 0.262001
0.225261 0.685602
0.920410 0.260819
0.067366 0.874056
0.034006 0.660952
0.316779 0.271619
0.414598 0.230191
0.764625 0.701779
0.626295 0.289356
0.448996 0.246455
0.600581 0.268408
0.623204 0.077874
0.502887 0.565457
0.950829 0.702171
0.887073 0.679525
0.258043 0.330227
0.904329 0.366238
0.397303 0.072657
0.884762 0.000203
0.906424 0.793579
0.567937 0.418622
0.183137 0.751731
0.622924 0.267787
0.837649 0.607709
0.868870 0.277419
0.734339 0.982529
0.783914 0.947367
0.988613 0.515425
0.473238 0.847026
0.846076 0.287731
0.256328 0.099879
0.938549 0.554902
0.429010 0.653923
0.885111 0.960153
0.557602 0.623257
0.586220 0.790912
0.870507 0.326995
0.845081 0.383230
0.926850 0.648677
0.142859 0.479448
0.762269 0.992710
0.492905 0.200931
0.138702 0.423927
0.304112 0.310301
0.358065 0.542178
0.094591 0.606623
0.338929 0.265922
0.714285 0.622107
0.300836 0.977139
0.458743 0.270432
0.452650 0.414413
0.086172 0.734397
0.539346 0.291895
0.286023 0.674622
0.965881 0.868900
0.589731 0.791184
0.487333 0.598219
0.062876 0.876518
0.131218 0.540802
0.372918 0.760619
0.100924 0.450284
0.987778 0.968524
0.898444 0.302897
0.327931 0.485241
0.800116 0.576630
0.668304 0.754746
0.120818 0.768076
0.466161 0.927359
0.410082 0.476211
0.577282 0.413760
0.837851 0.879437
0.515129 0.004092
0.548105 0.585539
0.506330 0.167060
0.685339 0.643747
0.600688 0.656607
0.131904 0.973974
0.505048 0.222716
0.733432 0.590307
0.127772 0.048072
0.935144 0.774182
0.044144 0.513759
0.303524 0.787259
0.222979 0.034870
0.365906 0.804784
0.390784 0.000852
0.564749 0.497349
0.352250 0.305596
0.893897 0.092246
0.434438 0.558746
0.960860 0.805190
0.976957 0.832367
0.802192 0.249024
0.451515 0.716085
0.768265 0.798052
0.361652 0.528992
0.189269 0.915009
0.547053 0.768060
0.336019 0.132214
0.896768 0.260504
0.397145 0.719292
0.761755 0.031467
0.808536 0.066906
0.549568 0.598621
0.291364 0.469284
0.082656 0.261690
0.381815 0.297865
0.306590 0.967633
0.068648 0.524230
0.845691 0.501135
0.393947 0.172556
0.720912 0.075274
0.517968 0.560131
0.268452 0.878666
0.800703 0.119065
0.927475 0.773092
0.910834 0.183126
0.101416 0.129546
0.836966 0.370720
0.739780 0.740855
0.946570 0.098350
0.635922 0.855440
0.914801 0.318445
0.691222 0.639525
0.428372 0.791301
0.557180 0.793994
0.058937 0.072903
0.134341 0.627335
0.595911 0.928762
0.380595 0.617535
0.430448 0.068442
0.761285 0.383484
0.290281 0.936280
0.459680 0.030406
0.739405 0.790881
0.158753 0.034004
0.377062 0.459269
0.803852 0.184488
0.597293 0.961175
0.260705 0.624312
0.103277 0.664737
0.194377 0.682421
0.109966 0.756971
0.812119 0.032987
0.314037 0.590690
0.336759 0.688068
0.261915 0.904111
0.207079 0.471306
0.704645 0.000230
0.037845 0.913749
0.892654 0.720086
0.314467 0.963053
0.533937 0.447386
0.645934 0.503775
0.315971 0.441502
0.154556 0.449164
0.474656 0.511709
0.242158 0.083814
0.882858 0.417562
0.539763 0.411700
0.526622 0.408660
0.321442 0.495622
0.038880 0.001611
0.042869 0.161714
0.168499 0.432816
0.951293 0.986672
0.676768 0.222775
0.905960 0.185521
0.173917 0.940943
0.646724 0.874199
0.835034 0.569713
0.753396 0.193916
0.767756 0.831949
0.449580 0.953218
0.043354 0.468534
0.222071 0.768857
0.048349 0.730757
0.950556 0.168016
0.865546 0.286884
0.872250 0.752158
0.851403 0.333128
0.242178 0.316671
0.440877 0.946260
0.992276 0.770720
0.481414 0.618464
0.041042 0.808126
0.074522 0.474564
0.160403 0.542821
0.986345 0.887625
0.467576 0.741336
0.177927 0.080939
0.677066 0.860011
0.901377 0.832790
0.221628 0.826036
0.109871 0.584908
0.230842 0.389135
0.637477 0.096386
0.142132 0.914654
0.719002 0.281863
0.411408 0.689011
0.940602 0.026137
0.389165 0.164893
0.638640 0.576914
0.932753 0.086309
0.097285 0.583230
0.736646 0.102530
0.634606 0.969150
0.679948 0.305149
0.812414 0.610671
0.713986 0.103949
0.556885 0.218331
0.942737 0.994949
0.934968 0.918826
0.584951 0.067943
0.695884 0.776044
0.449244 0.551065
0.457491 0.895197
0.402025 0.296319
0.594073 0.813356
0.063063 0.872747
0.465100 0.595461
0.624556 0.852835
0.613793 0.426997
0.257030 0.952941
0.959788 0.522805
0.038963 0.920004
0.812010 0.856101
0.726942 0.444467
0.735820 0.552579
0.969295 0.923286
0.922795 0.791536
0.758512 0.597119
0.731993 0.709310
0.016404 0.442212
0.498309 0.109853
0.210842 0.210195
0.536549 0.753105
0.814033 0.177964
0.509087 0.613900
0.229692 0.495003
0.970513 0.782464
0.540087 0.496945
0.954381 0.612104
0.053827 0.991881
0.925246 0.310554
0.171381 0.319863
0.283364 0.418477
0.527727 0.936235
0.879992 0.521954
0.720126 0.375877
0.677962 0.105370
0.183933 0.718161
0.775192 0.666917
0.940460 0.091316
0.498104 0.091001
0.008319 0.330156
0.167362 0.800177
0.243280 0.632514
0.440167 0.393791
0.251569 0.947459
0.841300 0.321327
0.807681 0.872294
0.209396 0.635546
0.900134 0.035553
0.305419 0.023802
0.127257 0.299625
0.757084 0.125505
0.669958 0.629366
0.845966 0.609509
0.479570 0.141984
0.383292 0.607295
0.636252 0.678679
0.065938 0.876109
0.057049 0.219965
0.255889 0.500814
0.862598 0.604309
0.084443 0.034014
0.747614 0.303648
0.146693 0.721090
0.642654 0.459558
0.822316 0.860107
0.803297 0.990277
0.435496 0.406122
0.217765 0.341494
0.049752 0.645227
0.885144 0.372764
0.682760 0.135765
0.083731 0.946572
0.121744 0.142444
0.222686 0.018567
0.321743 0.473659
0.250040 0.415135
0.577117 0.973163
0.876245 0.028449
0.270871 0.914261
0.064831 0.859329
0.026913 0.198082
0.340376 0.194675
0.517101 0.566986
0.468872 0.218957
0.007942 0.010038
0.976703 0.528161
0.971090 0.159517
0.791838 0.339809
0.727252 0.755770
0.014459 0.674112
0.144920 0.192279
0.454166 0.418992
0.873311 0.743630
0.106978 0.985684
0.453184 0.326149
0.187774 0.211800
0.919693 0.544284
0.682451 0.275190
0.188205 0.335395
0.638912 0.644646
0.597019 0.741411
0.577207 0.512396
0.470162 0.207906
0.466446 0.728600
0.458973 0.339459
0.689811 0.989426
0.722923 0.224723
0.298835 0.918049
0.718138 0.285467
0.644249 0.721813
0.476345 0.100912
0.163106 0.309019
0.777463 0.811997
0.700499 0.105230
0.545840 0.519810
0.249082 0.321693
0.133116 0.558199
0.400747 0.097419
0.889974 0.642678
0.122163 0.761646
0.574530 0.676054
0.689553 0.444873
0.696891 0.425774
0.747939 0.404341
0.857399 0.378802
0.496229 0.723775
0.500341 0.826911
0.941907 0.497406
0.275428 0.638615
0.017713 0.214743
0.376083 0.233493
0.107581 0.825228
0.806595 0.990525
0.190241 0.880910
0.519460 0.694093
0.376278 0.230398
0.759726 0.649645
0.088061 0.968867
0.754920 0.785580
0.511849 0.736533
0.097157 0.398720
0.237509 0.001994
0.778259 0.197843
0.193659 0.667009
0.859258 0.953024
0.084700 0.185731
0.182376 0.368135
0.541063 0.404138
0.366611 0.759660
0.105131 0.494291
0.567314 0.747065
0.992703 0.683315
0.125615 0.438260
0.293468 0.958374
0.285379 0.528283
0.903862 0.566670
0.613305 0.320150
0.021804 0.923393
0.622104 0.923872
0.475192 0.490761
0.367159 0.792986
0.504672 0.297757
0.463846 0.317490
0.876078 0.032821
0.055689 0.407910
0.359078 0.060734
0.752806 0.877293
0.675924 0.290120
0.455573 0.956241
0.997864 0.549426
0.280233 0.460660
0.946642 0.016945
0.511137 0.972746
0.844645 0.294393
0.618616 0.892763
0.649632 0.913740
0.901943 0.372521
0.608642 0.423447
0.243627 0.951012
0.170518 0.712947
0.794287 0.178498
0.107656 0.903165
0.146605 0.637392
0.114941 0.956062
0.702367 0.546629
0.377487 0.137626
0.488364 0.570747
0.728671 0.606446
0.634921 0.545770
0.056073 0.693928
0.095099 0.581016
0.555342 0.892428
0.953100 0.399289
0.280624 0.174006
0.847179 0.837481
0.195064 0.025217
0.615372 0.145444
0.586047 0.502277
0.261600 0.093028
0.277215 0.686168
0.735226 0.923550
0.542922 0.148654
0.818890 0.876477
0.010689 0.427922
0.627465 0.342972
0.123335 0.056452
0.835232 0.714995
0.924868 0.383965
0.768866 0.641973
0.032822 0.294720
0.930608 0.718641
0.664627 0.931117
0.348988 0.593451
0.496738 0.704535
0.393719 0.109049
0.952616 0.199505
0.336911 0.364593
0.239294 0.058779
0.994485 0.524312
0.082141 0.574538
0.239691 0.787479
0.643581 0.504941
0.044895 0.182066
0.553888 0.585409
0.978294 0.747666
0.330830 0.310464
0.758987 0.232829
0.719799 0.824677
0.556824 0.647788
0.647215 0.180181
0.212747 0.885619
0.547365 0.793438
0.450786 0.153196
0.796463 0.665363
0.454701 0.137876
0.867626 0.816630
0.890201 0.676670
0.606558 0.433909
0.567986 0.191724
0.720153 0.422994
0.463327 0.309246
0.168824 0.421214
0.734675 0.888613
0.658295 0.834231
0.716791 0.154170
0.837661 0.131249
0.603151 0.744352
0.127980 0.457885
0.677888 0.271027
0.329222 0.607371
0.509287 0.416586
0.283337 0.528468
0.474852 0.687068
0.907307 0.842409
0.352244 0.686733
0.852433 0.291387
0.480864 0.182767
0.894760 0.647552
0.175642 0.288418
0.916397 0.374174
0.657585 0.808642
0.998646 0.249567
0.754897 0.164440
0.715221 0.239576
0.023996 0.340368
0.187487 0.135877
0.741509 0.984286
0.843509 0.865010
0.426324 0.129213
0.108854 0.917045
0.165068 0.004250
0.449467 0.042947
0.034832 0.054835
0.285569 0.226173
0.343781 0.602166
0.300405 0.946718
0.243261 0.537464
0.578827 0.924765
0.504272 0.068792
0.828038 0.856312
0.896705 0.816497
0.656500 0.134574
0.661471 0.487880
0.516863 0.188662
0.023691 0.952552
0.454909 0.864978
0.559339 0.786967
0.248901 0.226980
0.498258 0.259996
0.872348 0.255394
0.723237 0.290903
0.468075 0.193650
0.307804 0.126990
0.182643 0.702286
0.924704 0.360163
0.277513 0.561221
0.352491 0.430071
0.907018 0.390282
0.609437 0.945967
0.833054 0.746034
0.951990 0.000318
0.132562 0.996934
0.089235 0.144237
0.646240 0.579003
0.485338 0.848114
0.515563 0.590662
0.548721 0.080435
0.660070 0.198093
0.839696 0.103553
0.458007 0.991392
0.167581 0.707289
0.210807 0.257018
0.593785 0.879511
0.195511 0.113451
0.909147 0.347467
0.239113 0.594698
0.111793 0.514417
0.784975 0.060213
0.776060 0.063209
0.363787 0.759992
0.973507 0.901760
0.230237 0.990061
0.583833 0.184958
0.681400 0.036259
0.416490 0.863350
0.234004 0.023173
0.553073 0.581016
0.405106 0.860262
0.716045 0.773379
0.314355 0.708676
0.271141 0.500262
0.705895 0.779949
0.678775 0.890305
0.274081 0.821694
0.824054 0.069962
0.369594 0.345650
0.675509 0.103587
0.261150 0.509821
0.149385 0.780695
0.132875 0.579212
0.889379 0.052319
0.908587 0.058550
0.910950 0.540437
0.811562 0.915610
0.704819 0.822769
0.292032 0.795200
0.446079 0.129824
0.584521 0.761557
0.413287 0.681874
0.693274 0.900847
0.586224 0.140636
0.046405 0.065658
0.661469 0.553721
0.408032 0.149825
0.401713 0.729526
0.892542 0.544622
0.317764 0.196028
0.086269 0.846291
0.171406 0.769023
0.349245 0.460081
0.682825 0.283682
0.343320 0.477421
0.128059 0.227847
0.712827 0.090531
0.219926 0.856338
0.630111 0.852736
0.780156 0.862566
0.610600 0.292935
0.230960 0.837137
0.600759 0.749116
0.861007 0.552621
0.847136 0.798524
0.153829 0.579554
0.465822 0.331012
0.205876 0.860757
0.949084 0.137312
0.407012 0.649413
0.069492 0.865405
0.107939 0.650886
0.771809 0.335872
0.957102 0.299107
0.679004 0.501032
0.953839 0.845415
0.781142 0.782898
0.035078 0.341046
0.724550 0.131407
0.189626 0.654073
0.873522 0.907075
0.677105 0.377366
0.977971 0.611187
0.917859 0.856265
0.847812 0.561811
0.015638 0.592935
0.908509 0.845389
0.676659 0.968981
0.892064 0.261335
0.496614 0.568681
0.203912 0.521015
0.201485 0.382304
0.698522 0.662715
0.448510 0.822276
0.695158 0.500587
0.220417 0.794530
0.070144 0.938315
0.679048 0.033210
0.173086 0.147156
0.583734 0.528948
0.131914 0.933221
0.025336 0.159278
0.835217 0.100291
0.278557 0.564297
0.510240 0.252181
0.033215 0.901523
0.351043 0.272587
0.129348 0.360951
0.093704 0.670567
0.191601 0.224656
0.784070 0.086229
0.235041 0.814832
0.238465 0.513920
0.397602 0.889989
0.858884 0.219135
0.443586 0.921119
0.531570 0.900577
0.578184 0.207913
0.311542 0.380216
0.414693 0.979754
0.475479 0.991941
0.644184 0.466947
0.311545 0.883278
0.071547 0.424795
0.707072 0.644904
0.202432 0.746397
0.193699 0.039099
0.492288 0.609636
0.614418 0.110963
0.701774 0.069650
0.988119 0.635219
0.542023 0.130132
0.464602 0.676558
0.938778 0.105138
0.486683 0.022967
0.796168 0.517659
0.405865 0.389172
0.098898 0.872001
0.834202 0.581252
0.555884 0.384138
0.957370 0.263704
0.758881 0.157476
0.882581 0.576662
0.006398 0.351057
0.849847 0.613672
0.526203 0.603061
0.796277 0.689394
0.818994 0.344516
0.330416 0.401753
0.241301 0.666457
0.647313 0.724549
0.747443 0.088339
0.294865 0.754211
0.918400 0.916346
0.988128 0.278317
0.019663 0.877271
0.860656 0.033728
0.850702 0.367020
0.640570 0.378591
0.575385 0.962295
0.243954 0.115186
0.555730 0.809898
0.189278 0.369543
0.450617 0.130109
0.053954 0.758913
0.486593 0.348963
0.917766 0.559681
0.859664 0.308778
0.367777 0.225938
0.684971 0.597143
0.175468 0.402932
0.775515 0.281610
0.199238 0.529782
0.801590 0.240686
0.414033 0.232275
0.059354 0.841273
0.224745 0.969315
0.159968 0.928528
0.381162 0.815452
0.439989 0.966189
0.879631 0.837210
0.789221 0.693723
0.210240 0.252298
0.893974 0.851243
0.188176 0.448530
0.601700 0.363936
0.394084 0.983217
0.227214 0.874829
0.940626 0.883970
0.141252 0.668046
0.881047 0.928327
0.908822 0.834262
0.080475 0.092293
0.577874 0.995889
0.781790 0.026823
0.458016 0.031606
0.415287 0.246498
0.874550 0.018160
0.424989 0.696066
0.934843 0.041922
0.014357 0.498223
0.302053 0.623528
0.750261 0.979955
0.335500 0.245989
0.906476 0.524956
0.727478 0.879970
0.276591 0.406091
0.943037 0.459523
0.941091 0.514545
0.352316 0.977374
0.134540 0.821277
0.934226 0.240919
0.926127 0.481565
0.825815 0.358435
0.900516 0.724884
0.793382 0.709553
0.405782 0.060065
0.909444 0.494873
0.221392 0.869606
0.333898 0.956677
0.691533 0.167221
0.118214 0.016006
0.467743 0.149148
0.378302 0.380934
0.009680 0.182433
0.014647 0.146717
0.903998 0.042364
0.397596 0.530525
0.878673 0.536397
0.081187 0.661832
0.113774 0.133395
0.660663 0.284062
0.079525 0.854677
0.346808 0.813953
0.668680 0.477313
0.694536 0.452134
0.832576 0.050319
0.193626 0.941766
0.278877 0.830827
0.106293 0.131623
0.043915 0.010025
0.019274 0.715869
0.913658 0.017570
0.067364 0.394792
0.734703 0.768430
0.680847 0.229136
0.630356 0.947491
0.011043 0.145191
0.016716 0.315008
0.896166 0.388662
0.099833 0.059907
0.343972 0.222391
0.227369 0.428134
0.028176 0.316308
0.066855 0.209715
0.222377 0.087604
0.087497 0.180844
0.928228 0.714888
0.233613 0.266325
0.693857 0.672195
0.995197 0.012815
0.764055 0.407022
0.304693 0.944826
0.755484 0.221131
0.818991 0.513099
0.008200 0.503691
0.181756 0.638918
0.129006 0.213397
0.803598 0.308144
0.012690 0.909517
0.546226 0.275156
0.803937 0.691407
0.451602 0.699633
0.845732 0.121817
0.318255 0.458012
0.649309 0.581444
0.494287 0.946667
0.316221 0.530433
0.730249 0.425316
0.644869 0.837159
0.314929 0.336831
0.361821 0.675406
0.003248 0.583584
0.532508 0.488157
0.437824 0.440670
0.226429 0.169492
0.864419 0.642767
0.938690 0.925710
0.946329 0.194106
0.102778 0.242569
0.393964 0.619971
0.268678 0.007621
0.943197 0.703330
0.165973 0.114965
0.939716 0.231655
0.923327 0.814266
0.416506 0.916693
0.173738 0.656737
0.087698 0.443853
0.639232 0.137863
0.124424 0.558141
0.059158 0.039922
0.926937 0.199944
0.003005 0.036978
0.362139 0.966713
0.191689 0.340808
0.096812 0.595514
0.440470 0.038310
0.724193 0.736631
0.232231 0.299251
0.355210 0.019817
0.231551 0.817793
0.225533 0.302532
0.758034 0.692056
0.655779 0.033396
0.351641 0.443027
0.394536 0.864348
0.083217 0.027475
0.972555 0.001368
0.190229 0.509086
0.201307 0.296389
0.950694 0.517836
0.360248 0.751924
0.447558 0.749734
0.934524 0.935140
0.021275 0.537339
0.988464 0.779567
0.760117 0.956063
0.390108 0.390315
0.335730 0.022061
0.138145 0.762615
0.855725 0.284611
0.985006 0.773703
0.175594 0.519180
0.398516 0.414513
0.289001 0.286961
0.659363 0.990322
0.998501 0.842469
0.552803 0.938470
0.058005 0.242880
0.680369 0.986425
0.373815 0.541082
0.891026 0.604965
0.652810 0.629013
0.711056 0.098887
0.094357 0.638661
0.938125 0.221646
0.336820 0.805165
0.757334 0.900497
0.889990 0.349807
0.835721 0.515155
0.711577 0.250209
0.856540 0.185703
0.418859 0.730927
0.865778 0.694410
0.865877 0.929641
0.620783 0.991315
0.462063 0.472513
0.854453 0.714880
0.659937 0.626827
0.998377 0.796725
0.497530 0.289855
0.444418 0.013373
0.945431 0.319956
0.866617 0.298158
0.078893 0.619249
0.473933 0.732880
0.772149 0.936751
0.319215 0.401486
0.695137 0.576712
0.950945 0.707003
0.882073 0.068942
0.761644 0.328150
0.036801 0.386234
0.360508 0.723492
0.041653 0.478569
0.177690 0.978701
0.844512 0.734618
0.293790 0.836429
0.013053 0.478102
0.180497 0.948506
0.765648 0.759912
0.636962 0.746591
0.215162 0.516453
0.711362 0.840148
0.894889 0.630491
0.808237 0.519513
0.375137 0.552877
0.499592 0.767047
0.924453 0.921797
0.781352 0.160803
0.721277 0.050817
0.646681 0.192835
0.079790 0.247782
0.883768 0.818212
0.517988 0.673703
0.948103 0.501015
0.266527 0.854089
0.607870 0.630014
0.993640 0.014761
0.815988 0.939444
0.104426 0.129983
0.923448 0.489219
0.962084 0.942838
0.915981 0.834152
0.774155 0.246084
0.829742 0.243144
0.688615 0.396294
0.881543 0.217056
0.852642 0.374922
0.135334 0.097885
0.801166 0.706978
0.718998 0.262070
0.562798 0.201349
0.704158 0.247212
0.297503 0.786335
0.766586 0.174165
0.113386 0.679837
0.655924 0.995422
0.949216 0.755652
0.320822 0.425900
0.054827 0.245694
0.259227 0.893681
0.653282 0.852502
0.293428 0.485959
0.826710 0.937232
0.505624 0.659388
0.531968 0.695395
0.512126 0.434222
0.922797 0.135915
0.602968 0.898084
0.831887 0.238677
0.528576 0.107899
0.349305 0.881516
0.876263 0.897453
0.922947 0.999709
0.046727 0.673274
0.302239 0.969323
0.814338 0.012928
0.948016 0.390354
0.334886 0.767563
0.239565 0.286416
0.250621 0.414446
0.924045 0.234801
0.234756 0.605447
0.773997 0.094052
0.916276 0.213881
0.345466 0.805769
0.630751 0.694785
0.062186 0.213183
0.854006 0.242681
0.590619 0.961101
0.492857 0.056059
0.616085 0.320149
0.430792 0.999246
0.682005 0.212808
0.856316 0.090066
0.712286 0.809566
0.937848 0.535573
0.201135 0.810563
0.351424 0.488406
0.825082 0.931446
0.016083 0.302708
0.408771 0.171702
0.146725 0.831273
0.759071 0.159579
0.395335 0.224522
0.871324 0.239749
0.418863 0.767104
0.407053 0.998212
0.685679 0.519362
0.144204 0.603498
0.712405 0.918609
0.309020 0.684044
0.209070 0.039087
0.312889 0.458691
0.802885 0.909701
0.438010 0.490587
0.109618 0.145034
0.442510 0.744313
0.926374 0.157879
0.888610 0.591910
0.230768 0.390443
0.236725 0.035538
0.488837 0.326579
0.393893 0.692799
0.497662 0.528867
0.456656 0.025369
0.618581 0.582026
0.846562 0.882368
0.792981 0.618110
0.900687 0.676979
0.175053 0.049132
0.250091 0.418155
0.564529 0.239202
0.995892 0.378812
0.077284 0.110950
0.775632 0.397727
0.652852 0.099973
0.301875 0.684452
0.065251 0.446230
0.850489 0.524826
0.077171 0.542730
0.477812 0.469307
0.257451 0.949610
0.453919 0.427093
0.767905 0.725579
0.513461 0.586132
0.117947 0.928957
0.046052 0.232399
0.484076 0.496933
0.274940 0.351420
0.696196 0.224410
0.805715 0.360810
0.403862 0.232713
0.666039 0.444702
0.252910 0.143639
0.102931 0.739222
0.126599 0.155801
0.955852 0.052775
0.635250 0.357862
0.381881 0.895695
0.074492 0.907257
0.073513 0.340902
0.014640 0.153147
0.880110 0.640521
0.532332 0.388835
0.920820 0.583000
0.850453 0.681531
0.859756 0.291050
0.813494 0.146336
0.003512 0.532863
0.192888 0.106483
0.276581 0.647309
0.290496 0.813324
0.932003 0.868444
0.688288 0.787259
0.062595 0.175452
0.278408 0.384735
0.592337 0.791220
0.900198 0.896648
0.448043 0.106061
0.009374 0.339913
0.038154 0.112688
0.809440 0.116679
0.998542 0.404333
0.186559 0.884604
0.404442 0.410007
0.606483 0.306790
0.293147 0.819188
0.855766 0.831441
0.393865 0.082826
0.139390 0.289001
0.419131 0.468329
0.583034 0.888444
0.136439 0.393330
0.630633 0.144634
0.709256 0.666277
0.176481 0.375073
0.473344 0.821530
0.526036 0.667082
0.397319 0.952423
0.440683 0.635370
0.965646 0.317831
0.589154 0.865194
0.117751 0.526121
0.701860 0.667702
0.178723 0.284905
0.604347 0.661778
0.425054 0.545858
0.092162 0.740661
0.043156 0.370919
0.301840 0.181767
0.758857 0.999528
0.831327 0.014635
0.342893 0.406111
0.368053 0.274579
0.530366 0.102842
0.993997 0.438586
0.631438 0.064795
0.654472 0.165201
0.256004 0.432911
0.500974 0.441569
0.126875 0.084776
0.948357 0.378522
0.913997 0.254024
0.322688 0.188517
0.386478 0.126251
0.918550 0.331456
0.949722 0.742659
0.133176 0.419834
0.811722 0.602189
0.099686 0.237385
0.605560 0.068757
0.902836 0.144315
0.284441 0.062252
0.028062 0.217438
0.501067 0.540289
0.168241 0.704930
0.484948 0.962270
0.892472 0.763166
0.639226 0.268144
0.967308 0.987006
0.692869 0.901302
0.313271 0.945114
0.264570 0.058381
0.678082 0.788335
0.121493 0.658327
0.112958 0.011842
0.248949 0.488859
0.249431 0.620734
0.086411 0.610583
0.191550 0.273916
0.930731 0.377293
0.561931 0.462602
0.559219 0.365590
0.870044 0.417405
0.583215 0.097755
0.907215 0.231992
0.907083 0.688890
0.315233 0.641415
0.938031 0.452657
0.824078 0.999734
0.868930 0.059529
0.909161 0.264185
0.439324 0.057249
0.779610 0.212143
0.069058 0.435328
0.676508 0.692287
0.154483 0.443656
0.433642 0.442840
0.618937 0.059948
0.133171 0.897451
0.517211 0.341493
0.474792 0.443215
0.607990 0.393809
0.169335 0.795552
0.328715 0.842083
0.266376 0.511072
0.534137 0.500869
0.830307 0.172292
0.692786 0.403319
0.790485 0.446977
0.974866 0.473317
0.108399 0.050100
0.810576 0.902182
0.628497 0.617846
0.049640 0.726190
0.109139 0.640788
0.810813 0.191974
0.966308 0.897302
0.474393 0.243961
0.205091 0.278495
0.041284 0.871269
0.862559 0.502339
0.258917 0.111126
0.040570 0.977446
0.497319 0.221633
0.268155 0.995807
0.347912 0.908808
0.500523 0.509060
0.313098 0.521134
0.535340 0.974274
0.756480 0.809434
0.006869 0.142936
0.491533 0.190684
0.404613 0.210774
0.000848 0.451492
0.755572 0.446249
0.298524 0.480226
0.707779 0.271982
0.875098 0.926415
0.757730 0.786092
0.997358 0.651814
0.275399 0.879353
0.874687 0.459615
0.797960 0.429288
0.849048 0.866615
0.786930 0.533743
0.817538 0.617702
0.673364 0.384206
0.554372 0.232855
0.551837 0.173051
0.463486 0.123919
0.326355 0.379112
0.563411 0.721744
0.459952 0.882415
0.182847 0.613823
0.734622 0.621594
0.928362 0.908425
0.589367 0.926490
0.974916 0.913245
0.671518 0.233574
0.625401 0.744951
0.210136 0.623338
0.387150 0.670553
0.700152 0.506455
0.521388 0.822348
0.172079 0.829463
0.135832 0.425269
0.014467 0.370934
0.411186 0.828780
0.914952 0.055524
0.478995 0.445039
0.990581 0.725995
0.801380 0.160850
0.589282 0.482255
0.642380 0.913025
0.561680 0.521638
0.366178 0.895072
0.026135 0.396123
0.849221 0.297714
0.779734 0.739850
0.251266 0.576542
0.544106 0.814257
0.754628 0.987206
0.177328 0.668370
0.651421 0.531836
0.831804 0.318177
0.335355 0.519987
0.792882 0.111773
0.337628 0.663180
0.394130 0.365856
0.535735 0.994242
0.972542 0.434389
0.059520 0.930900
0.300604 0.601648
0.220550 0.487715
0.312024 0.579618
0.998893 0.981210
0.224048 0.933606
0.235647 0.570168
0.351701 0.460145
0.700093 0.626346
0.007887 0.397732
0.627043 0.240459
0.888193 0.363597
0.153053 0.134093
0.250360 0.078681
0.319330 0.870269
0.015766 0.268179
0.954757 0.533726
0.643918 0.606454
0.804151 0.986519
0.260802 0.212813
0.724919 0.395406
0.058095 0.998612
0.639522 0.974501
0.422633 0.116305
0.201651 0.790055
0.604121 0.867542
0.810797 0.033750
0.984014 0.690089
0.692905 0.386737
0.169574 0.262301
0.254033 0.968704
0.204522 0.339065
0.809477 0.894594
0.161344 0.664583
0.092567 0.646160
0.260152 0.195064
0.655338 0.306346
0.445189 0.908320
0.387560 0.201586
0.042402 0.677479
0.901089 0.650404
0.720167 0.042465
0.453299 0.326289
0.480127 0.225580
0.416310 0.208617
0.816227 0.406485
0.038045 0.217496
0.497434 0.097063
0.386597 0.406688
0.653235 0.438088
0.921198 0.023369
0.970911 0.377342
0.091051 0.834290
0.849719 0.982722
0.727562 0.864976
0.299463 0.594136
0.766016 0.101913
0.219621 0.124373
0.009494 0.767269
0.450036 0.581867
0.230838 0.491472
0.645320 0.807202
0.897726 0.081086
0.592523 0.490407
0.201434 0.607710
0.065227 0.767536
0.871617 0.228212
0.687116 0.082709
0.467438 0.487428
0.564221 0.545766
0.449648 0.851528
0.637392 0.715842
0.358724 0.873563
0.805209 0.597657
0.850914 0.702286
0.872418 0.649970
0.177073 0.611160
0.290095 0.774629
0.928410 0.846532
0.471157 0.579810
0.518774 0.372266
0.188436 0.692519
0.924891 0.022721
0.192445 0.533085
0.663930 0.166760
0.722069 0.758363
0.852075 0.232537
0.023832 0.530518
0.458261 0.346178
0.343983 0.874736
0.543991 0.896966
0.112565 0.651895
0.363185 0.057544
0.199732 0.091164
0.685230 0.159647
0.191991 0.402718
0.599944 0.354245
0.609651 0.722160
0.364900 0.169528
0.866664 0.525997
0.563576 0.420978
0.560172 0.701398
0.957056 0.424867
0.369439 0.653699
0.932500 0.619811
0.442517 0.191566
0.378385 0.510604
0.653831 0.442383
0.149497 0.314370
0.527043 0.719429
0.023935 0.811128
0.934916 0.087566
0.199881 0.679206
0.911526 0.355623
0.931662 0.030493
0.042074 0.361344
0.862620 0.951354
0.931668 0.708731
0.976581 0.602084
0.196827 0.567790
0.860209 0.831122
0.272100 0.753145
0.145299 0.319788
0.079074 0.060676
0.583060 0.989151
0.266168 0.760277
0.191711 0.772694
0.295005 0.218044
0.314201 0.886760
0.122785 0.852620
0.224647 0.415345
0.609956 0.018150
0.130062 0.366615
0.068622 0.950213
0.028238 0.355589
0.559510 0.611325
0.903123 0.720766
0.643932 0.129025
0.165802 0.192041
0.302106 0.532272
0.082220 0.193053
0.640268 0.660806
0.168004 0.483212
0.826452 0.447346
0.176275 0.122949
0.418405 0.253918
0.356102 0.680308
0.877012 0.581324
0.117235 0.187834
0.594719 0.264688
0.101035 0.605751
0.210852 0.218224
0.928012 0.450772
0.334322 0.898815
0.569149 0.809449
0.049135 0.920681
0.371190 0.170775
0.739226 0.672361
0.255336 0.384837
0.836527 0.362432
0.504291 0.582633
0.069824 0.651846
0.854369 0.076736
0.671816 0.918417
0.317373 0.103307
0.787960 0.243002
0.271214 0.763041
0.023012 0.407052
0.878752 0.671926
0.659880 0.547692
0.821100 0.642292
0.590212 0.629185
0.664618 0.180430
0.407335 0.558541
0.920129 0.709139
0.429513 0.598287
0.998331 0.201874
0.645124 0.710806
0.817208 0.349747
0.701258 0.606382
0.775183 0.473437
0.093356 0.561015
0.168080 0.139163
0.655886 0.520276
0.898399 0.841157
0.302714 0.611909
0.502241 0.172682
0.720674 0.952594
0.102160 0.623432
0.380999 0.553214
0.883522 0.513238
0.800655 0.202174
0.087439 0.600313
0.459236 0.437777
0.315112 0.586854
0.156986 0.108327
0.146413 0.085619
0.885626 0.562601
0.689814 0.608188
0.476054 0.213522
0.701252 0.788917
0.385625 0.074300
0.336307 0.368194
0.992593 0.879007
0.433050 0.424378
0.676426 0.568517
0.462196 0.965937
0.780105 0.247897
0.926691 0.273556
0.274130 0.202827
0.044634 0.316598
0.571855 0.200278
0.007424 0.159121
0.481891 0.092663
0.969298 0.517684
0.725726 0.694837
0.194930 0.536565
0.797302 0.009791
0.468497 0.405494
0.196218 0.141565
0.950667 0.660927
0.227322 0.652868
0.159188 0.883858
0.626867 0.700057
0.644264 0.035560
0.249014 0.009616
0.231702 0.857185
0.926369 0.647933
0.414757 0.599965
0.404368 0.580136
0.589934 0.849855
0.941686 0.213939
0.352439 0.363746
0.767517 0.480905
0.993797 0.643980
0.091422 0.520214
0.677110 0.443688
0.772591 0.698974
0.504716 0.517566
0.072743 0.528307
0.838511 0.711009
0.140523 0.015908
0.784941 0.915109
0.005131 0.133425
0.714710 0.505816
0.893068 0.370999
0.051460 0.632667
0.624239 0.801482
0.334242 0.125783
0.692321 0.683273
0.735303 0.849409
0.389146 0.393460
0.797765 0.046099
0.994023 0.401835
0.147000 0.587711
0.616277 0.071615
0.325024 0.077705
0.752923 0.304077
0.698996 0.433798
0.003284 0.432071
0.602901 0.920857
0.668488 0.311280
0.485780 0.600984
0.156156 0.258311
0.860333 0.821049
0.209241 0.341140
0.272537 0.667530
0.982847 0.540124
0.345878 0.284310
0.903997 0.466758
0.193078 0.571156
0.066701 0.652519
0.133713 0.058941
0.638299 0.901615
0.707846 0.692233
0.382958 0.839139
0.433844 0.840678
0.944311 0.580062
0.622773 0.107702
0.971617 0.394719
0.832301 0.408356
0.522471 0.352870
0.219769 0.347721
0.429940 0.191108
0.137121 0.147071
0.483172 0.067359
0.799629 0.237111
0.337880 0.441382
0.755869 0.165894
0.046754 0.051639
0.188133 0.653594
0.979715 0.846600
0.780515 0.467156
0.690094 0.772496
0.006123 0.284878
0.975158 0.519708
0.205408 0.874339
0.978070 0.686460
0.754338 0.716617
0.683245 0.331143
0.954167 0.675606
0.568181 0.553573
0.013794 0.433267
0.492259 0.570656
0.641238 0.190000
0.126603 0.733399
0.312474 0.563882
0.358994 0.069889
0.243925 0.713336
0.143973 0.232805
0.459132 0.454868
0.210618 0.180243
0.110652 0.550833
0.889160 0.525043
0.394972 0.401746
0.072432 0.250556
0.981258 0.093505
0.989331 0.409663
0.863994 0.121926
0.034806 0.499134
0.945090 0.145341
0.374570 0.432789
0.452786 0.800557
0.422559 0.424660
0.512690 0.958318
0.575348 0.637294
0.800547 0.791456
0.780081 0.150510
0.226843 0.682261
0.611114 0.662398
0.030107 0.305159
0.535468 0.347019
0.488776 0.186598
0.958294 0.462226
0.700752 0.666136
0.456958 0.626213
0.525290 0.461027
0.335981 0.162849
0.833605 0.971173
0.264939 0.553546
0.672600 0.052139
0.297588 0.827354
0.810372 0.230986
0.012824 0.671178
0.402668 0.243016
0.866760 0.148456
0.196209 0.327067
0.100060 0.177315
0.767812 0.932845
0.705806 0.338202
0.787513 0.365822
0.030568 0.156146
0.189368 0.423577
0.554960 0.734279
0.435407 0.262004
0.279879 0.502917
0.766191 0.570651
0.930719 0.892474
0.445697 0.633498
0.884260 0.938654
0.528768 0.004840
0.321568 0.184810
0.606093 0.339470
0.615098 0.759090
0.314739 0.382217
0.369359 0.172881
0.141466 0.243923
0.851846 0.212307
0.191591 0.869304
0.774626 0.275942
0.147928 0.036684
0.516782 0.649635
0.602313 0.320412
0.914122 0.503249
0.306514 0.193861
0.684886 0.844338
0.659801 0.854212
0.408852 0.270220
0.927245 0.409791
0.732109 0.122612
0.265779 0.786575
0.130896 0.567912
0.624358 0.082518
0.135311 0.201440
0.980028 0.126698
0.387285 0.005373
0.173482 0.684834
0.287153 0.877815
0.815704 0.093560
0.269228 0.494383
0.351535 0.102902
0.939225 0.963886
0.386519 0.359727
0.404963 0.596125
0.810140 0.274508
0.136692 0.112532
0.081575 0.979557
0.604512 0.799309
0.283324 0.708966
0.757729 0.427925
0.193627 0.208807
0.134630 0.249290
0.680285 0.720698
0.021049 0.005583
0.176555 0.672702
0.612217 0.697702
0.864017 0.458541
0.574776 0.796465
0.457832 0.589483
0.754482 0.692147
0.166566 0.062791
0.029970 0.439639
0.481762 0.006460
0.474142 0.275460
0.941700 0.532034
0.052065 0.958032
0.909282 0.255619
0.057932 0.714097
0.705775 0.131777
0.373521 0.461828
0.150087 0.085796
0.416705 0.025159
0.667581 0.426925
0.340955 0.254013
0.652883 0.178457
0.645418 0.321600
0.697938 0.270128
0.860033 0.982616
0.629537 0.004122
0.381261 0.245135
0.039843 0.328031
0.851422 0.734179
0.138903 0.226451
0.698236 0.006395
0.309929 0.977457
0.581060 0.212969
0.706115 0.111030
0.526449 0.801842
0.592030 0.653559
0.478039 0.400491
0.903119 0.645894
0.834403 0.626998
0.673626 0.981963
0.303384 0.339803
0.566228 0.330804
0.062577 0.755494
0.725958 0.276941
0.782992 0.939188
0.576487 0.842322
0.546559 0.403488
0.978587 0.237648
0.068041 0.939706
0.378623 0.031711
0.918033 0.348984
0.189171 0.924441
0.636120 0.441149
0.664354 0.962690
0.721888 0.525564
0.959268 0.347327
0.496383 0.630950
0.895864 0.946076
0.737728 0.860092
0.196912 0.248557
0.811997 0.610548
0.595189 0.778344
0.744083 0.873894
0.276768 0.911410
0.303171 0.463778
0.575330 0.641140
0.713572 0.816967
0.698637 0.077191
0.044039 0.961778
0.538850 0.368767
0.677334 0.354736
0.295098 0.302471
0.516695 0.548977
0.719749 0.040695
0.746977 0.076892
0.289056 0.338611
0.035638 0.504668
0.494389 0.106103
0.032350 0.347848
0.751996 0.365593
0.905932 0.424725
0.137264 0.497503
0.443400 0.268333
0.263704 0.162187
0.928339 0.417970
0.147377 0.440467
0.614413 0.767673
0.824258 0.544499
0.114731 0.661732
0.821028 0.916494
0.438906 0.096268
0.319047 0.654911
0.727037 0.211136
0.996769 0.986038
0.953460 0.237812
0.087615 0.933463
0.003028 0.206644
0.148331 0.428748
0.558771 0.010792
0.397114 0.853698
0.182209 0.874374
0.251292 0.407926
0.816201 0.878770
0.871126 0.755000
0.695098 0.963748
0.099260 0.116258
0.308112 0.739014
0.174665 0.353468
0.629183 0.516979
0.995375 0.609828
0.300263 0.208987
0.506114 0.763341
0.834830 0.114943
0.994887 0.287470
0.194550 0.180226
0.696891 0.111013
0.284427 0.993957
0.124602 0.722461
0.010372 0.659156
0.969630 0.073683
0.548042 0.678002
0.254988 0.803612
0.382903 0.164356
0.655638 0.924636
0.498880 0.020918
0.550696 0.392774
0.816557 0.199813
0.422443 0.917230
0.611819 0.803106
0.675302 0.955794
0.181912 0.573702
0.812170 0.089581
0.468306 0.277260
0.176040 0.873950
0.694395 0.582211
0.141571 0.822006
0.330892 0.307670
0.724307 0.392901
0.862993 0.327952
0.064459 0.729238
0.900688 0.997626
0.137725 0.416179
0.147280 0.692482
0.347335 0.719453
0.621035 0.949443
0.359539 0.600257
0.311032 0.732475
0.659007 0.302135
0.140643 0.551654
0.821131 0.458219
0.710728 0.519067
0.424947 0.476812
0.799508 0.937890
0.863437 0.429076
0.007197 0.689906
0.047204 0.784702
0.250874 0.511989
0.143038 0.119736
0.038709 0.233444
0.040629 0.355282
0.582519 0.183855
0.198719 0.176691
0.843788 0.275000
0.886206 0.029830
0.550657 0.710601
0.604267 0.494422
0.072016 0.884120
0.652266 0.893962
0.789726 0.787512
0.383292 0.717571
0.271125 0.172775
0.684359 0.801196
0.111351 0.783360
0.611857 0.243905
0.788655 0.203918
0.914585 0.719574
0.255762 0.264587
0.384692 0.185107
0.276450 0.479936
0.591139 0.983378
0.708943 0.702911
0.570771 0.992423
0.036282 0.030536
0.478871 0.781966
0.448800 0.010865
0.034052 0.704193
0.694881 0.369575
0.831635 0.467755
0.733626 0.799818
0.245128 0.022300
0.946654 0.840394
0.687208 0.515399
0.296144 0.504986
0.459608 0.674576
0.352377 0.119158
0.285560 0.214175
0.556409 0.771997
0.888975 0.770181
0.432127 0.895757
0.661259 0.425615
0.716852 0.749508
0.539730 0.104998
0.540754 0.001788
0.710790 0.988420
0.852749 0.182427
0.646584 0.624070
0.264168 0.505145
0.285569 0.602680
0.361388 0.450263
0.875488 0.498112
0.324714 0.540759
0.111436 0.275437
0.383228 0.945138
0.722283 0.521131
0.233920 0.897015
0.585404 0.659617
0.058313 0.433989
0.782746 0.786180
0.180917 0.627374
0.750450 0.868366
0.731250 0.299493
0.819818 0.846283
0.894777 0.206735
0.999122 0.596818
0.467998 0.804246
0.803792 0.817557
0.469083 0.002064
0.306757 0.633333
0.497779 0.772733
0.351245 0.131569
0.387001 0.076832
0.045072 0.092229
0.443374 0.335607
0.238495 0.893950
0.235120 0.598774
0.676927 0.950038
0.453095 0.630821
0.915356 0.056308
0.844373 0.370524
0.883027 0.717330
0.597709 0.606139
0.194992 0.858462
0.846287 0.252636
0.921363 0.328116
0.145595 0.317557
0.545629 0.248031
0.882867 0.498533
0.270146 0.578885
0.579423 0.368162
0.659917 0.234417
0.958386 0.270921
0.855041 0.699283
0.467620 0.381975
0.227723 0.384196
0.671360 0.859179
0.411469 0.886481
0.553927 0.657284
0.088142 0.914968
0.314993 0.367279
0.782761 0.885259
0.678307 0.394025
0.186488 0.094682
0.084374 0.891753
0.204944 0.945838
0.392497 0.139723
0.012069 0.903478
0.878706 0.459247
0.878943 0.741481
0.383484 0.348533
0.442517 0.165068
0.436846 0.243179
0.380980 0.077915
0.068181 0.197911
0.170444 0.604693
0.794439 0.829053
0.711946 0.476585
0.972588 0.057444
0.138229 0.540691
0.300931 0.547944
0.036539 0.963784
0.758728 0.254375
0.656696 0.166692
0.684735 0.147690
0.412928 0.647681
0.012615 0.030347
0.133476 0.631490
0.904838 0.321324
0.063755 0.915291
0.156563 0.833903
0.586824 0.373613
0.777121 0.862278
0.989223 0.331400
0.099102 0.343275
0.370689 0.417622
0.613693 0.465881
0.973082 0.571499
0.485781 0.863986
0.786798 0.589170
0.363487 0.446703
0.282264 0.970730
0.664147 0.995799
0.509551 0.855865
0.992438 0.891245
0.610978 0.520910
0.726177 0.713550
0.999502 0.250943
0.091495 0.015541
0.070025 0.397627
0.241446 0.256388
0.331202 0.086808
0.950759 0.747175
0.272119 0.349471
0.544307 0.469959
0.111202 0.415455
0.588029 0.801260
0.814004 0.531411
0.688375 0.496062
0.411976 0.942809
0.470041 0.769906
0.706140 0.614356
0.431581 0.954308
0.897555 0.854023
0.914665 0.994706
0.550733 0.252939
0.865096 0.010320
0.566668 0.256744
0.412365 0.241774
0.518913 0.243535
0.549385 0.974992
0.789134 0.199401
0.355180 0.448867
0.427815 0.954568
0.270695 0.329354
0.561334 0.471535
0.911525 0.064120
0.468357 0.861121
0.781235 0.319558
0.156498 0.643196
0.035085 0.745922
0.384500 0.265889
0.136353 0.516535
0.595624 0.050459
0.846083 0.443478
0.154767 0.538501
0.491966 0.984836
0.614787 0.684065
0.873201 0.127567
0.476790 0.455249
0.475549 0.955197
0.054636 0.188237
0.894451 0.691048
0.605693 0.471244
0.493945 0.145359
0.847847 0.426697
0.365251 0.788628
0.347068 0.007048
0.591289 0.123680
0.030317 0.322907
0.672010 0.635441
0.255336 0.081792
0.720321 0.360052
0.451891 0.931579
0.699495 0.033948
0.338273 0.874829
0.540373 0.858676
0.112382 0.948475
0.450255 0.148714
0.818481 0.047938
0.105307 0.517213
0.298689 0.115533
0.704395 0.798563
0.752589 0.910132
0.054690 0.606842
0.948772 0.228348
0.957972 0.285681
0.558958 0.757073
0.171485 0.017769
0.918287 0.703043
0.128301 0.031153
0.754679 0.967149
0.419541 0.164698
0.075639 0.909553
0.764447 0.536508
0.452640 0.686228
0.824155 0.696816
0.401258 0.728363
0.751184 0.440775
0.419444 0.183139
0.809003 0.406808
0.516862 0.037728
0.744710 0.692589
0.744966 0.207886
0.852703 0.983441
0.320491 0.088400
0.828387 0.106884
0.424314 0.934646
0.578311 0.502244
0.653103 0.972904
0.126802 0.825699
0.402998 0.321581
0.639007 0.798821
0.172501 0.646385
0.366414 0.452625
0.886068 0.969480
0.013282 0.119323
0.860379 0.206062
0.621082 0.880435
0.962012 0.811281
0.572874 0.692608
0.838273 0.386322
0.730748 0.081415
0.842193 0.214490
0.036767 0.118634
0.418180 0.476474
0.131558 0.379936
0.266612 0.328540
0.674506 0.717593
0.563647 0.118217
0.085702 0.976799
0.876765 0.759113
0.372132 0.234344
0.187105 0.689823
0.549255 0.744878
0.606387 0.901450
0.923998 0.542651
0.959219 0.234093
0.166300 0.565594
0.390865 0.514708
0.663770 0.243780
0.556045 0.137105
0.127611 0.725760
0.746088 0.369356
0.797868 0.303968
0.519783 0.014780
0.882187 0.144311
0.017530 0.049672
0.054653 0.125302
0.158881 0.514315
0.939904 0.448468
0.350342 0.243362
0.512619 0.694548
0.163304 0.987492
0.253577 0.168857
0.681228 0.100328
0.720899 0.704446
0.860723 0.242913
0.918711 0.573114
0.302899 0.492620
0.475329 0.792008
0.289418 0.834181
0.179222 0.907518
0.801871 0.257607
0.863388 0.288358
0.513677 0.591066
0.977401 0.066164
0.420405 0.756391
0.441274 0.124638
0.857465 0.350675
0.536423 0.957229
0.143354 0.329502
0.656397 0.788504
0.982149 0.095678
0.713655 0.085844
0.060710 0.481898
0.878585 0.475763
0.984057 0.956596
0.113067 0.123119
0.806628 0.879309
0.653269 0.831662
0.937666 0.785202
0.195017 0.480831
0.125706 0.487952
0.039933 0.926372
0.560170 0.256058
0.871692 0.161338
0.867306 0.439645
0.149118 0.359195
0.923246 0.703222
0.326483 0.402215
0.958696 0.454363
0.241244 0.636029
0.387772 0.149151
0.045590 0.885169
0.157793 0.902250
0.000558 0.214608
0.187288 0.232834
0.300113 0.528755
0.636294 0.837133
0.847451 0.862074
0.335985 0.994199
0.566937 0.134419
0.693959 0.583567
0.402470 0.219383
0.786994 0.721793
0.626677 0.405410
0.154859 0.709427
0.465267 0.717099
0.016769 0.320807
0.326958 0.108087
0.246331 0.466108
0.121795 0.237095
0.461327 0.908444
0.249336 0.395149
0.011457 0.028329
0.843006 0.164701
0.480148 0.593682
0.768114 0.560323
0.555823 0.115600
0.688362 0.725815
0.773496 0.648446
0.239349 0.744047
0.679354 0.827375
0.977414 0.753529
0.428959 0.527242
0.308333 0.359660
0.693998 0.773908
0.042745 0.278784
0.022976 0.442261
0.573816 0.259659
0.478045 0.834872
0.927551 0.589597
0.453139 0.451000
0.097266 0.911527
0.067859 0.127742
0.141150 0.653379
0.427054 0.263432
0.495445 0.102678
0.337807 0.017995
0.835690 0.046891
0.783533 0.225735
0.604571 0.944051
0.569167 0.253148
0.017340 0.788354
0.071911 0.187646
0.954361 0.191873
0.958789 0.552666
0.655255 0.716251
0.065249 0.210438
0.540231 0.157135
0.368302 0.235777
0.801580 0.309361
0.133234 0.322572
0.631934 0.722306
0.864633 0.719216
0.085789 0.092534
0.650526 0.780047
0.606910 0.234813
0.852642 0.966936
0.196626 0.022761
0.866358 0.538480
0.046649 0.296831
0.850622 0.223822
0.214949 0.500059
0.911150 0.893954
0.584327 0.720895
0.209481 0.615419
0.910734 0.897703
0.865941 0.499648
0.242004 0.170882
0.326361 0.445735
0.367541 0.756337
0.070390 0.215303
0.245673 0.257889
0.153481 0.275122
0.547709 0.036497
0.095167 0.496540
0.556430 0.110529
0.052995 0.110284
0.661574 0.074075
0.054469 0.281062
0.606052 0.689200
0.298641 0.288437
0.453977 0.133260
0.184486 0.578778
0.975260 0.363825
0.774949 0.887656
0.771357 0.701471
0.863566 0.222878
0.002957 0.524623
0.674817 0.745429
0.022698 0.920846
0.499879 0.488884
0.564713 0.245430
0.246205 0.417469
0.397622 0.800778
0.962352 0.538717
0.508778 0.269099
0.888757 0.658792
0.954901 0.106059
0.480659 0.896808
0.487918 0.834518
0.151109 0.259115
0.944675 0.065158
0.190051 0.415279
0.175334 0.114770
0.429678 0.314588
0.977654 0.293144
0.746799 0.435237
0.102967 0.285967
0.419709 0.267895
0.904585 0.573818
0.690039 0.101198
0.610448 0.496302
0.619363 0.298767
0.519268 0.395559
0.475797 0.035685
0.642999 0.254825
0.437624 0.896922
0.448400 0.385423
0.358971 0.831024
0.386542 0.009500
0.706805 0.699469
0.841529 0.036033
0.549064 0.065368
0.978316 0.934060
0.650446 0.924817
0.724398 0.369787
0.315435 0.799986
0.781271 0.193192
0.607366 0.985104
0.128961 0.434902
0.967854 0.764848
0.960528 0.205593
0.062670 0.109184
0.363359 0.777856
0.888149 0.689531
0.350183 0.674409
0.786477 0.058216
0.035120 0.286724
0.038715 0.486478
0.848733 0.404612
0.131159 0.265859
0.690885 0.049965
0.623676 0.243652
0.831414 0.176830
0.787869 0.985131
0.185924 0.125179
0.828476 0.233606
0.317724 0.197163
0.553137 0.273947
0.146737 0.362372
0.813679 0.395995
0.882414 0.892524
0.906327 0.901378
0.140008 0.676249
0.388766 0.000580
0.548233 0.071028
0.448714 0.506643
0.411207 0.412085
0.041703 0.447739
0.148701 0.716962
0.504989 0.592900
0.306111 0.699681
0.250063 0.413521
0.899199 0.939877
0.437946 0.187824
0.738527 0.939961
0.249491 0.796274
0.164649 0.847314
0.477162 0.253041
0.317502 0.818725
0.685275 0.171883
0.662073 0.360713
0.112420 0.174429
0.997301 0.492089
0.822829 0.714642
0.586307 0.244029
0.352681 0.915317
0.363427 0.838161
0.242849 0.790794
0.397153 0.864585
0.401374 0.664625
0.917975 0.919455
0.196926 0.681773
0.256249 0.455694
0.548788 0.061965
0.977592 0.050605
0.049415 0.144175
0.351946 0.900589
0.332349 0.331742
0.047332 0.115886
0.481316 0.763493
0.600455 0.307175
0.265556 0.908277
0.783679 0.031091
0.381963 0.308645
0.461568 0.893153
0.686370 0.383998
0.910025 0.494279
0.604304 0.544322
0.857221 0.951037
0.525827 0.862712
0.697887 0.419942
0.009544 0.208203
0.431172 0.912595
0.047658 0.050005
0.877135 0.701108
0.476935 0.110044
0.638106 0.782251
0.859700 0.662793
0.088515 0.193918
0.804507 0.559696
0.400406 0.458972
0.747877 0.990054
0.241764 0.069212
0.676496 0.581065
0.320907 0.716177
0.133536 0.686781
0.392564 0.925645
0.123272 0.619061
0.689901 0.859199
0.204908 0.133178
0.001659 0.308869
0.149547 0.696549
0.774662 0.329828
0.023498 0.941133
0.689377 0.531325
0.456623 0.228355
0.129799 0.777464
0.156156 0.440004
0.848866 0.937145
0.434490 0.949337
0.916689 0.366421
0.633630 0.223740
0.731310 0.006733
0.849539 0.663566
0.470300 0.338906
0.286386 0.091381
0.866415 0.945526
0.903664 0.771647
0.601655 0.103202
0.758452 0.962950
0.931436 0.651485
0.590560 0.783199
0.374250 0.366592
0.750097 0.602790
0.432040 0.205836
0.524969 0.271551
0.342676 0.082557
0.290102 0.232362
0.808273 0.281598
0.670676 0.977650
0.491754 0.231764
0.088420 0.364536
0.828922 0.114430
0.643027 0.020244
0.364446 0.706401
0.269999 0.441417
0.387549 0.930322
0.511752 0.419356
0.116826 0.817367
0.040550 0.107721
0.063475 0.974671
0.279873 0.390079
0.488402 0.193856
0.085042 0.201753
0.061001 0.537260
0.464483 0.113732
0.926061 0.094871
0.749708 0.795995
0.390149 0.617689
0.455171 0.943398
0.349917 0.402196
0.308337 0.869357
0.402196 0.125767
0.575881 0.250885
0.299352 0.814354
0.863639 0.443099
0.043282 0.761420
0.025974 0.372134
0.447524 0.011087
0.684459 0.262486
0.439391 0.968627
0.126294 0.358110
0.722624 0.807887
0.029631 0.356173
0.675963 0.607926
0.545998 0.488200
0.524171 0.570104
0.759241 0.055379
0.885426 0.242018
0.435952 0.753166
0.772610 0.406182
0.284082 0.304860
0.005943 0.178997
0.644446 0.764656
0.780512 0.909522
0.654098 0.347738
0.824635 0.667750
0.441050 0.798337
0.183650 0.468537
0.836577 0.116182
0.168571 0.890034
0.424347 0.927658
0.420222 0.414401
0.484883 0.910008
0.356807 0.643793
0.539360 0.455274
0.496529 0.526050
0.748515 0.195202
0.276756 0.862214
0.380436 0.099190
0.027350 0.661942
0.925266 0.604418
0.698162 0.363081
0.205371 0.640611
0.789340 0.538123
0.006258 0.471464
0.687970 0.472935
0.336562 0.990576
0.275696 0.922127
0.414655 0.481820
0.239368 0.420594
0.874964 0.882371
0.990384 0.762238
0.488811 0.271217
0.478277 0.644542
0.902629 0.646774
0.470226 0.021646
0.510645 0.054301
0.060585 0.408733
0.599620 0.777150
0.273093 0.237028
0.330035 0.615421
0.623390 0.371338
0.951066 0.241445
0.420519 0.071093
0.885990 0.243575
0.403543 0.000962
0.970154 0.748081
0.032993 0.378611
0.175396 0.443529
0.386768 0.984868
0.612827 0.422817
0.146233 0.555460
0.470119 0.505162
0.600647 0.023739
0.809982 0.603581
0.946693 0.190226
0.833235 0.263053
0.414738 0.657497
0.292929 0.710317
0.914620 0.287892
0.235177 0.628345
0.961120 0.016731
0.137922 0.396877
0.612908 0.585130
0.820578 0.724919
0.038645 0.644253
0.205512 0.441987
0.110058 0.726744
0.126592 0.711908
0.114167 0.781304
0.900525 0.086318
0.275508 0.322791
0.303472 0.624586
0.284045 0.762967
0.928439 0.772691
0.435622 0.155903
0.638186 0.815654
0.309184 0.417294
0.973935 0.496461
0.128610 0.058356
0.931858 0.828965
0.086916 0.612686
0.477419 0.223089
0.946682 0.228401
0.531806 0.787711
0.172982 0.348067
0.935280 0.079948
0.703685 0.005401
0.068968 0.629107
0.216910 0.030367
0.399671 0.279400
0.416537 0.373302
0.201489 0.767607
0.424061 0.833853
0.103600 0.980152
0.838711 0.711962
0.915257 0.018673
0.407632 0.285851
0.387107 0.543949
0.534074 0.565880
0.182164 0.865140
0.043896 0.473361
0.350302 0.894615
0.729346 0.449849
0.026871 0.398196
0.193949 0.515129
0.909059 0.936487
0.433464 0.961068
0.302875 0.515021
0.405268 0.193682
0.179141 0.239262
0.562142 0.717239
0.728634 0.205107
0.956333 0.891875
0.364528 0.446300
0.055886 0.890192
0.984548 0.007296
0.857622 0.228466
0.575747 0.113398
0.229781 0.354551
0.921579 0.969560
0.672235 0.037266
0.253968 0.935092
0.843283 0.720990
0.182276 0.693561
0.269453 0.584383
0.126664 0.565485
0.628350 0.773603
0.785004 0.296024
0.874488 0.168090
0.870599 0.490660
0.264149 0.080909
0.472145 0.368942
0.027730 0.495867
0.907939 0.659699
0.036645 0.800050
0.873059 0.270664
0.316746 0.483122
0.011258 0.831334
0.671348 0.943680
0.782585 0.329873
0.994343 0.368141
0.643228 0.843273
0.077499 0.629103
0.105863 0.794505
0.845946 0.287793
0.206770 0.261218
0.991966 0.079179
0.270258 0.607639
0.919591 0.708517
0.631442 0.114620
0.761154 0.394529
0.155163 0.342368
0.981811 0.357132
0.971861 0.676194
0.749187 0.366572
0.840474 0.877714
0.812690 0.545988
0.943919 0.492228
0.110655 0.850931
0.724505 0.647594
0.703376 0.036999
0.574596 0.120718
0.916210 0.470730
0.812135 0.544874
0.769323 0.839090
0.391130 0.284353
0.869279 0.669315
0.223956 0.812552
0.942553 0.583583
0.825349 0.395396
0.102192 0.381938
0.227219 0.504088
0.756214 0.372055
0.758917 0.659476
0.789992 0.845928
0.339343 0.344920
0.284718 0.241202
0.385307 0.215337
0.570220 0.318877
0.304784 0.077198
0.852737 0.639240
0.814256 0.017556
0.006942 0.724388
0.996031 0.619756
0.376338 0.558367
0.094502 0.419292
0.587319 0.494892
0.539517 0.625374
0.449551 0.217834
0.580565 0.662054
0.988979 0.131090
0.217229 0.267341
0.539624 0.442134
0.819377 0.729571
0.606491 0.247535
0.944797 0.337356
0.904278 0.128858
0.382523 0.272742
0.575210 0.123890
0.376830 0.986811
0.094217 0.450741
0.319881 0.562744
0.780781 0.031397
0.940307 0.693467
0.154196 0.686433
0.160443 0.679294
0.592581 0.854080
0.346776 0.285568
0.885905 0.824519
0.636098 0.391119
0.309378 0.774219
0.384165 0.105421
0.785976 0.335334
0.554156 0.435656
0.555493 0.041631
0.038965 0.644470
0.522372 0.755087
0.494400 0.155007
0.115744 0.096277
0.249591 0.231901
0.062448 0.976833
0.256438 0.695201
0.947450 0.563732
0.841677 0.608804
0.815975 0.392832
0.233145 0.225764
0.357781 0.893059
0.446104 0.469925
0.406390 0.282810
0.135968 0.886661
0.584736 0.656598
0.450539 0.305042
0.933561 0.092665
0.747890 0.419613
0.270021 0.781219
0.285253 0.121990
0.841359 0.498152
0.629811 0.690841
0.562123 0.230563
0.594023 0.883374
0.753300 0.398060
0.956150 0.562254
0.837850 0.907805
0.090874 0.738995
0.889548 0.231438
0.905437 0.818120
0.280616 0.798461
0.153466 0.386025
0.928565 0.263375
0.281676 0.104249
0.803768 0.622784
0.453883 0.138955
0.426675 0.733894
0.292270 0.086722
0.057218 0.517276
0.177629 0.541356
0.158836 0.014456
0.658273 0.287190
0.505673 0.514833
0.631596 0.601482
0.993901 0.166641
0.482769 0.301781
0.816739 0.843084
0.291788 0.983739
0.167634 0.547514
0.553144 0.360647
0.047182 0.310418
0.591589 0.738061
0.066784 0.356213
0.003039 0.435176
0.365626 0.299270
0.001350 0.399219
0.887485 0.266297
0.509768 0.349903
0.299977 0.136156
0.200076 0.538096
0.781261 0.538369
0.452974 0.606156
0.747832 0.858029
0.390003 0.096957
0.351927 0.257530
0.710311 0.874461
0.238191 0.644453
0.054829 0.090747
0.616660 0.590170
0.015931 0.362741
0.182710 0.435148
0.712401 0.506451
0.794530 0.204645
0.057559 0.517341
0.104817 0.502429
0.462624 0.482539
0.535750 0.250357
0.737934 0.763906
0.084941 0.998068
0.381376 0.100540
0.454963 0.539786
0.276396 0.245152
0.910154 0.744119
0.061220 0.370761
0.081810 0.827989
0.076413 0.762546
0.666496 0.787227
0.849681 0.244193
0.592085 0.334102
0.534804 0.378949
0.762278 0.485960
0.585872 0.732638
0.932744 0.899382
0.218471 0.389224
0.620624 0.150688
0.886266 0.469071
0.204065 0.426314
0.084394 0.615871
0.529554 0.505552
0.280367 0.290291
0.412216 0.493315
0.668683 0.236695
0.387874 0.492041
0.747088 0.673875
0.955541 0.289569
0.420472 0.601555
0.335166 0.183713
0.452600 0.111475
0.457820 0.264523
0.606424 0.745217
0.504148 0.831597
0.740444 0.750481
0.811803 0.136572
0.461637 0.553342
0.383694 0.309800
0.674677 0.886098
0.546284 0.155472
0.512734 0.788644
0.530788 0.480852
0.686845 0.135844
0.880010 0.763002
0.248907 0.434250
0.619705 0.250323
0.127551 0.378524
0.075699 0.046415
0.566710 0.061290
0.066685 0.330238
0.773414 0.789692
0.957442 0.629206
0.664375 0.177744
0.718392 0.980832
0.590185 0.555651
0.704787 0.893725
0.311429 0.765590
0.342434 0.250157
0.302817 0.098000
0.286772 0.680174
0.669403 0.463272
0.908230 0.481095
0.573253 0.890780
0.149192 0.856512
0.089404 0.100527
0.896504 0.105291
0.836730 0.202241
0.018385 0.403802
0.562339 0.542594
0.125676 0.993546
0.097368 0.343256
0.934810 0.911529
0.747569 0.050851
0.833455 0.882197
0.233831 0.254426
0.879715 0.627427
0.755772 0.616887
0.001888 0.645020
0.615840 0.513895
0.608146 0.456341
0.111801 0.977074
0.164170 0.430182
0.082323 0.097917
0.551620 0.552650
0.573315 0.264631
0.181482 0.931774
0.581971 0.476193
0.903700 0.400795
0.730964 0.506248
0.728136 0.315462
0.026997 0.874026
0.251787 0.528435
0.565916 0.420276
0.473324 0.567778
0.160872 0.783310
0.368390 0.246759
0.390493 0.223524
0.197738 0.288594
0.490815 0.054393
0.025166 0.062496
0.847711 0.403696
0.333344 0.196296
0.585824 0.150845
0.943004 0.656144
0.895503 0.664491
0.664600 0.865202
0.291031 0.399151
0.241439 0.570958
0.951395 0.500414
0.179387 0.464746
0.659155 0.315384
0.000678 0.007214
0.623434 0.108299
0.307947 0.519970
0.649842 0.340860
0.799516 0.366304
0.703133 0.592617
0.038095 0.962841
0.897663 0.568833
0.342418 0.439167
0.346224 0.671559
0.645002 0.993932
0.099569 0.294238
0.539067 0.383603
0.616998 0.340952
0.023817 0.524008
0.822561 0.468532
0.649636 0.885003
0.822013 0.203031
0.863416 0.215026
0.782374 0.391658
0.359083 0.145014
0.308947 0.417094
0.149557 0.390098
0.893953 0.223150
0.893735 0.592678
0.656384 0.479083
0.735725 0.331944
0.644496 0.144438
0.543463 0.462580
0.430316 0.287106
0.969944 0.739362
0.589849 0.254358
0.202708 0.634527
0.933126 0.199945
0.615842 0.361254
0.025035 0.529908
0.793646 0.379295
0.620858 0.045575
0.556242 0.077725
0.129702 0.434290
0.684785 0.904978
0.114534 0.286729
0.017576 0.947808
0.139257 0.004253
0.468257 0.848459
0.981307 0.800532
0.303384 0.993326
0.342485 0.498781
0.709098 0.106548
0.711241 0.979245
0.275191 0.738431
0.956426 0.941149
0.529796 0.651308
0.565474 0.109147
0.069043 0.774354
0.179289 0.136385
0.143384 0.224109
0.221580 0.234584
0.785981 0.868888
0.972183 0.996165
0.698360 0.052931
0.391873 0.964214
0.144731 0.390149
0.370462 0.253176
0.048719 0.987452
0.840474 0.926494
0.334895 0.064132
0.375440 0.896965
0.312381 0.696462
0.474881 0.831412
0.558930 0.335600
0.727277 0.913333
0.331279 0.822114
0.437862 0.345532
0.001178 0.851842
0.109813 0.159272
0.396414 0.235561
0.375425 0.237346
0.212255 0.838815
0.588123 0.455501
0.851137 0.788502
0.306655 0.499996
0.147051 0.389229
0.329586 0.228625
0.435947 0.205169
0.771207 0.408374
0.344647 0.932072
0.909240 0.284937
0.488090 0.009290
0.180221 0.717644
0.988417 0.403135
0.750207 0.547917
0.359237 0.630550
0.546454 0.460212
0.834597 0.886055
0.499975 0.841435
0.664516 0.085098
0.019402 0.048183
0.247608 0.743406
0.393310 0.050708
0.226191 0.874609
0.901200 0.638320
0.830406 0.507373
0.902578 0.243033
0.825261 0.998454
0.069067 0.966556
0.388151 0.049547
0.226274 0.580326
0.124264 0.223493
0.980103 0.109073
0.213465 0.799352
0.416517 0.105504
0.374563 0.006035
0.684189 0.876993
0.931571 0.030662
0.196311 0.734742
0.771400 0.710479
0.520792 0.801705
0.393582 0.486117
0.767340 0.037623
0.570000 0.019193
0.425455 0.917855
0.356232 0.858675
0.159087 0.637235
0.325996 0.678133
0.021740 0.801045
0.936326 0.899949
0.920055 0.312221
0.873474 0.972758
0.924415 0.567255
0.078192 0.174825
0.201868 0.132832
0.903901 0.578758
0.929674 0.791029
0.522411 0.731929
0.537045 0.213012
0.259227 0.682126
0.018150 0.549459
0.014110 0.209449
0.861207 0.910529
0.302445 0.513121
0.346519 0.048988
0.739105 0.145857
0.580523 0.557213
0.978880 0.688625
0.653479 0.542072
0.226165 0.515050
0.735154 0.051298
0.431500 0.007460
0.755863 0.490729
0.203680 0.755458
0.559500 0.893934
0.283518 0.593162
0.060698 0.184002
0.149023 0.812634
0.990002 0.501870
0.951576 0.528774
0.268962 0.266383
0.518879 0.964865
0.921306 0.878357
0.602790 0.378159
0.696845 0.884205
0.898822 0.451338
0.261560 0.974303
0.618936 0.238394
0.890274 0.407052
0.560428 0.172384
0.087621 0.321692
0.681053 0.217756
0.458500 0.931215
0.164196 0.981339
0.450964 0.771330
0.837758 0.483834
0.302520 0.022218
0.596571 0.337545
0.635057 0.416915
0.170539 0.276310
0.664116 0.403452
0.179329 0.340036
0.915012 0.037488
0.919317 0.528923
0.671288 0.547947
0.739638 0.411424
0.120255 0.640287
0.181558 0.995165
0.305879 0.380311
0.279036 0.151525
0.551034 0.936028
0.548205 0.022223
0.969149 0.545869
0.229647 0.130259
0.049521 0.828658
0.289730 0.367710
0.071102 0.954034
0.535882 0.639346
0.276295 0.251606
0.955574 0.703719
0.319326 0.552940
0.049933 0.672338
0.492997 0.932549
0.500251 0.702712
0.633150 0.542365
0.979325 0.652515
0.401923 0.918757
0.299422 0.849802
0.858877 0.481985
0.374812 0.678171
0.843352 0.945011
0.669185 0.375935
0.711893 0.001978
0.896899 0.304836
0.401374 0.976151
0.751899 0.956522
0.621419 0.073021
0.349272 0.133944
0.219015 0.506276
0.881791 0.070039
0.403694 0.042699
0.717417 0.727498
0.573426 0.446624
0.793651 0.161131
0.939377 0.895368
0.700703 0.618253
0.011933 0.684176
0.287883 0.002758
0.280927 0.442497
0.976219 0.434946
0.099708 0.642997
0.215195 0.901899
0.865772 0.400527
0.682645 0.412119
0.079865 0.430358
0.894217 0.643364
0.761024 0.563265
0.862435 0.804041
0.996749 0.399674
0.325318 0.316222
0.115533 0.525859
0.850585 0.972289
0.083200 0.212268
0.813911 0.417408
0.245059 0.667377
0.848295 0.166495
0.462576 0.730022
0.866519 0.877000
0.026343 0.349024
0.169768 0.267809
0.466316 0.320920
0.472897 0.899742
0.525857 0.535027
0.900461 0.014592
0.117825 0.409531
0.137473 0.767303
0.039016 0.293218
0.955049 0.479888
0.583460 0.354451
0.273406 0.995830
0.965636 0.882354
0.773391 0.820188
0.641397 0.984751
0.822530 0.493317
0.197408 0.383186
0.142776 0.565037
0.469168 0.377447
0.214476 0.611324
0.943185 0.080341
0.884737 0.966992
0.300637 0.708024
0.028243 0.235570
0.167852 0.052010
0.394702 0.181490
0.753210 0.256064
0.969503 0.309941
0.070564 0.674502
0.272775 0.296128
0.876048 0.897981
0.026930 0.438440
0.278133 0.998687
0.533925 0.478911
0.220071 0.668918
0.920815 0.459607
0.679345 0.205345
0.135859 0.764981
0.480535 0.225827
0.207268 0.137947
0.075989 0.596483
0.812867 0.251374
0.512959 0.293762
0.651279 0.366889
0.076378 0.829617
0.453917 0.719320
0.773184 0.427415
0.731914 0.527819
0.907144 0.352073
0.513279 0.953632
0.482348 0.669943
0.392941 0.899703
0.069089 0.242334
0.191969 0.278706
0.067562 0.941086
0.402157 0.263846
0.012872 0.915455
0.378277 0.080664
0.679050 0.236641
0.932697 0.098309
0.260313 0.399591
0.585682 0.335179
0.834562 0.971301
0.229611 0.006516
0.647096 0.140654
0.376413 0.410501
0.491816 0.046891
0.474991 0.274586
0.612654 0.542148
0.008954 0.665228
0.099767 0.478052
0.214924 0.701923
0.713012 0.697197
0.297771 0.610339
0.429476 0.657378
0.961552 0.099583
0.782376 0.019805
0.923528 0.655040
0.235357 0.592055
0.833532 0.100967
0.419247 0.732380
0.682101 0.705927
0.047601 0.694026
0.348156 0.179358
0.722833 0.416552
0.410640 0.139031
0.646533 0.955718
0.728437 0.016833
0.455554 0.084310
0.578984 0.914241
0.019703 0.593357
0.338420 0.619095
0.057415 0.476505
0.784698 0.851663
0.852486 0.489902
0.110016 0.820741
0.188025 0.545729
0.640019 0.339436
0.852964 0.019638
0.074629 0.075502
0.722044 0.330621
0.788988 0.992531
0.461890 0.086449
0.362865 0.675993
0.373850 0.678618
0.043052 0.032080
0.748493 0.457806
0.285597 0.797492
0.377186 0.524190
0.873417 0.404745
0.542925 0.726505
0.359673 0.010291
0.895597 0.679586
0.748432 0.911675
0.106119 0.482177
0.391549 0.155143
0.089403 0.345120
0.054286 0.866581
0.887840 0.524614
0.982122 0.726338
0.015028 0.796039
0.587298 0.052446
0.173717 0.200930
0.066048 0.156940
0.782431 0.952989
0.856088 0.996422
0.672033 0.198598
0.348829 0.650720
0.646445 0.793127
0.681897 0.832426
0.341054 0.376384
0.754944 0.455302
0.957793 0.808891
0.835349 0.270978
0.007677 0.465220
0.250310 0.721075
0.149565 0.971477
0.697934 0.445813
0.578181 0.721042
0.652354 0.340382
0.184940 0.906050
0.186487 0.656783
0.891867 0.861622
0.290976 0.411533
0.141931 0.235704
0.428953 0.278609
0.518348 0.869428
0.633680 0.222158
0.860930 0.301230
0.929713 0.354978
0.049304 0.492547
0.238167 0.896447
0.830851 0.713702
0.212752 0.647547
0.685448 0.525696
0.645652 0.100796
0.739628 0.446916
0.180957 0.159373
0.169508 0.203350
0.078210 0.452398
0.364869 0.426724
0.679820 0.402291
0.365998 0.287032
0.053405 0.525303
0.730443 0.824277
0.003827 0.927793
0.038559 0.678777
0.279512 0.598486
0.704767 0.510231
0.333820 0.890919
0.625651 0.642821
0.444587 0.540452
0.466599 0.376915
0.343603 0.666702
0.065378 0.967531
0.762683 0.474902
0.514097 0.485534
0.464090 0.788694
0.970233 0.649612
0.390495 0.122000
0.142933 0.245392
0.543254 0.729108
0.702530 0.932626
0.077691 0.959775
0.569249 0.082211
0.890181 0.290106
0.151319 0.781852
0.664249 0.600172
0.123223 0.302538
0.941493 0.625755
0.261562 0.127512
0.288045 0.024309
0.189044 0.111304
0.038427 0.164203
0.616337 0.458408
0.415994 0.571443
0.817053 0.989542
0.052860 0.949586
0.622876 0.597985
0.062019 0.826199
0.183862 0.889305
0.850544 0.173202
0.103198 0.744866
0.805128 0.798586
0.326202 0.952822
0.829843 0.913497
0.340126 0.109879
0.470890 0.041321
0.824303 0.712910
0.024259 0.354375
0.879469 0.731614
0.589569 0.599012
0.360573 0.981681
0.507015 0.001371
0.639151 0.302541
0.994228 0.933712
0.329371 0.884572
0.085979 0.665227
0.126066 0.087710
0.172051 0.221388
0.923641 0.746736
0.527222 0.232384
0.811440 0.268083
0.232199 0.663830
0.374200 0.788816
0.795476 0.491944
0.965484 0.290517
0.603448 0.710533
0.267450 0.839137
0.049784 0.538605
0.502121 0.056420
0.824913 0.335088
0.117306 0.519351
0.382618 0.521131
0.634558 0.031138
0.043133 0.760600
0.617119 0.610560
0.540743 0.755867
0.392495 0.606081
0.078791 0.278680
0.247366 0.556955
0.116122 0.474830
0.301753 0.295621
0.176366 0.056535
0.164901 0.313990
0.945126 0.727927
0.777086 0.600813
0.799976 0.076680
0.549539 0.998142
0.704343 0.208808
0.028985 0.621944
0.088717 0.603822
0.833758 0.045271
0.941257 0.023901
0.535230 0.751958
0.834763 0.823425
0.491305 0.834615
0.028092 0.674148
0.377980 0.032788
0.097513 0.546506
0.310473 0.985457
0.777086 0.768986
0.997197 0.006614
0.817070 0.125180
0.327849 0.783493
0.705487 0.242097
0.161154 0.144090
0.040325 0.973496
0.848296 0.443924
0.188553 0.088456
0.204842 0.181572
0.622936 0.338084
0.226965 0.168323
0.988830 0.892215
0.837030 0.949368
0.520478 0.213154
0.339112 0.202278
0.899991 0.664948
0.066782 0.523048
0.032048 0.544375
0.913497 0.350876
0.493525 0.763793
0.050188 0.779844
0.609600 0.116161
0.155154 0.659035
0.206547 0.909020
0.908115 0.692177
0.096304 0.766901
0.333309 0.213721
0.259018 0.570557
0.815741 0.940330
0.507194 0.826664
0.260232 0.275090
0.138648 0.243002
0.914661 0.676307
0.715404 0.921905
0.836791 0.193577
0.641774 0.378655
0.848347 0.520910
0.657251 0.541710
0.090508 0.819963
0.708484 0.998111
0.971738 0.126060
0.919474 0.010102
0.381886 0.365456
0.540279 0.247919
0.535749 0.884395
0.821884 0.758953
0.704789 0.918822
0.738537 0.424869
0.397470 0.618182
0.358721 0.046023
0.256661 0.077576
0.452083 0.236415
0.056848 0.329563
0.612000 0.512651
0.704362 0.400296
0.772128 0.316782
0.070624 0.344174
0.500117 0.225653
0.821399 0.637061
0.862865 0.268270
0.144307 0.430174
0.975004 0.097933
0.422350 0.945065
0.566005 0.747312
0.452979 0.724697
0.031117 0.832347
0.770228 0.546426
0.467533 0.364783
0.991686 0.549778
0.139527 0.783361
0.882611 0.535230
0.664959 0.420128
0.006229 0.449769
0.970408 0.381019
0.412278 0.790834
0.723357 0.738813
0.805107 0.032292
0.517193 0.011762
0.028159 0.204465
0.558466 0.132638
0.503412 0.444737
0.985688 0.500626
0.472371 0.676142
0.235130 0.252455
0.499452 0.568367
0.061414 0.589348
0.719119 0.588953
0.919370 0.852799
0.734877 0.262028
0.418475 0.054919
0.911246 0.717725
0.472360 0.737990
0.039096 0.237529
0.583214 0.363110
0.000215 0.779101
0.424590 0.909213
0.108772 0.398688
0.515953 0.001491
0.265304 0.080081
0.318499 0.682124
0.923158 0.726109
0.524091 0.886503
0.137786 0.972032
0.657860 0.794502
0.646076 0.039696
0.369842 0.489087
0.005896 0.067218
0.952195 0.773496
0.315301 0.220949
0.685901 0.573407
0.926337 0.424868
0.594503 0.081965
0.870153 0.727065
0.062304 0.693216
0.418138 0.163823
0.560583 0.813483
0.318051 0.478886
0.417782 0.840366
0.764618 0.208787
0.168232 0.955512
0.090840 0.454716
0.518877 0.890026
0.499255 0.127212
0.384600 0.490277
0.891648 0.572031
0.760104 0.737112
0.001235 0.263861
0.419983 0.852891
0.583068 0.689144
0.568445 0.268475
0.376459 0.630059
0.596336 0.516240
0.917438 0.808812
0.045451 0.565374
0.049796 0.254682
0.728784 0.722179
0.160010 0.815857
0.710234 0.980771
0.744358 0.953907
0.508417 0.628549
0.905781 0.330808
0.456635 0.985961
0.773581 0.726758
0.624649 0.391569
0.640766 0.511599
0.087841 0.931101
0.821894 0.233467
0.615417 0.953117
0.848506 0.885366
0.041743 0.114129
0.639751 0.063703
0.683508 0.552434
0.712574 0.542355
0.170299 0.802641
0.328817 0.751684
0.967297 0.231796
0.715883 0.273992
0.686211 0.103231
0.143081 0.745200
0.004165 0.855665
0.687553 0.487133
0.640164 0.822841
0.981683 0.785600
0.374888 0.412864
0.098139 0.976529
0.541935 0.716646
0.999230 0.405746
0.767286 0.621302
0.653984 0.887537
0.988640 0.767002
0.009391 0.502987
0.947389 0.104785
0.491496 0.451113
0.413404 0.387993
0.607541 0.194179
0.376427 0.661437
0.522111 0.323109
0.317735 0.700118
0.188247 0.409768
0.461909 0.393264
0.728743 0.609913
0.600878 0.269620
0.283368 0.933991
0.681080 0.716404
0.464482 0.912461
0.849445 0.957021
0.896557 0.848211
0.065035 0.521569
0.054342 0.970649
0.700582 0.769377
0.759941 0.584414
0.781764 0.004246
0.250819 0.740185
0.641972 0.860784
0.688761 0.045917
0.806431 0.934144
0.344062 0.983895
0.861943 0.075675
0.459757 0.502295
0.917135 0.383467
0.977417 0.709543
0.012972 0.679426
0.889081 0.215578
0.504469 0.183498
0.969144 0.036160
0.001854 0.170820
0.035505 0.004742
0.933133 0.629063
0.691076 0.320944
0.169835 0.320882
0.704723 0.205519
0.443893 0.200378
0.805001 0.628750
0.475967 0.832630
0.680520 0.732566
0.834165 0.321833
0.407564 0.876194
0.546994 0.266264
0.358587 0.201025
0.405510 0.427224
0.884445 0.232417
0.707021 0.124333
0.708770 0.314492
0.916310 0.850978
0.024615 0.608532
0.350270 0.241401
0.741526 0.976446
0.527918 0.314899
0.195446 0.317783
0.270197 0.872751
0.904375 0.832154
0.982559 0.029967
0.629449 0.238450
0.808243 0.126657
0.084126 0.198084
0.501259 0.682711
0.123427 0.061543
0.935512 0.634754
0.140656 0.585875
0.140090 0.825705
0.700831 0.455287
0.630656 0.605035
0.148024 0.277861
0.593008 0.441705
0.038083 0.228462
0.167235 0.652010
0.768712 0.661225
0.679567 0.700962
0.705662 0.824608
0.173854 0.048560
0.436751 0.277768
0.005791 0.181243
0.524735 0.729137
0.580340 0.294005
0.275537 0.796362
0.536479 0.070094
0.590096 0.621370
0.813249 0.142941
0.926109 0.365096
0.067236 0.118866
0.760218 0.353552
0.853987 0.489347
0.711659 0.050152
0.834500 0.368048
0.665187 0.088855
0.022816 0.750520
0.814082 0.318449
0.751853 0.913430
0.533294 0.180411
0.602038 0.645354
0.388314 0.771072
0.010892 0.232635
0.387080 0.623402
0.661628 0.511497
0.790273 0.584535
0.034947 0.841534
0.409601 0.162247
0.700603 0.555921
0.344154 0.366893
0.023926 0.300101
0.531714 0.384904
0.967410 0.683435
0.324879 0.385744
0.578561 0.837217
0.541132 0.386323
0.572611 0.797668
0.081480 0.375148
0.142347 0.113966
0.264073 0.833096
0.757139 0.719057
0.477187 0.378499
0.249449 0.894949
0.620243 0.511303
0.929425 0.114373
0.072014 0.334375
0.816861 0.647151
0.601961 0.689623
0.334660 0.082309
0.723614 0.362398
0.969089 0.335892
0.478197 0.879711
0.469477 0.289676
0.532194 0.956146
0.133659 0.937385
0.774306 0.825887
0.605344 0.802715
0.305266 0.540128
0.395710 0.437448
0.828236 0.806170
0.033935 0.008081
0.968008 0.097876
0.349968 0.335889
0.973999 0.576675
0.897773 0.268011
0.595037 0.828166
0.938371 0.926091
0.653181 0.541421
0.719413 0.204221
0.989351 0.036413
0.011638 0.869351
0.005267 0.979569
0.992460 0.755056
0.984237 0.718262
0.603053 0.833472
0.737574 0.412125
0.447695 0.400420
0.893923 0.542410
0.152754 0.215172
0.325567 0.440141
0.857592 0.199032
0.788749 0.189695
0.170795 0.215812
0.844337 0.636445
0.492504 0.532523
0.520650 0.255475
0.077283 0.789999
0.982025 0.322923
0.591812 0.700916
0.674718 0.172325
0.207852 0.236574
0.035976 0.315407
0.463296 0.764018
0.872640 0.860107
0.222758 0.451536
0.942395 0.968162
0.074032 0.273244
0.103774 0.060409
0.407893 0.112416
0.640303 0.100049
0.246084 0.788432
0.009668 0.562413
0.605977 0.313642
0.320552 0.634355
0.820272 0.324144
0.297781 0.777211
0.766224 0.422427
0.360701 0.034345
0.401300 0.120015
0.710198 0.367599
0.350754 0.174702
0.996522 0.866565
0.547533 0.379660
0.223124 0.890389
0.086044 0.280640
0.030917 0.073912
0.518682 0.872693
0.402927 0.658254
0.797683 0.059285
0.131036 0.790522
0.944706 0.544354
0.094522 0.278161
0.316730 0.871832
0.514375 0.780498
0.029192 0.527319
0.867870 0.573401
0.695943 0.373081
0.074620 0.832500
0.150502 0.200187
0.898375 0.846257
0.224163 0.850600
0.248043 0.692252
0.973969 0.187194
0.206966 0.688345
0.977137 0.171123
0.171211 0.364975
0.438422 0.443685
0.435638 0.795649
0.893067 0.103724
0.930805 0.869779
0.230315 0.821868
0.584229 0.495291
0.611149 0.039285
0.956311 0.778070
0.608757 0.761385
0.384233 0.941062
0.561400 0.375804
0.856387 0.117965
0.694704 0.999232
0.235412 0.184745
0.044048 0.089061
0.249668 0.476780
0.587613 0.443559
0.880989 0.580267
0.286761 0.258184
0.390801 0.383597
0.922827 0.605881
0.247221 0.227700
0.718012 0.565634
0.642489 0.303968
0.732975 0.236227
0.123109 0.414157
0.944835 0.041156
0.094322 0.828753
0.726674 0.055767
0.606047 0.258600
0.173288 0.569213
0.879183 0.889159
0.347801 0.731441
0.489176 0.017602
0.059868 0.929442
0.988001 0.079982
0.228636 0.487124
0.016235 0.759087
0.232186 0.389663
0.633639 0.423103
0.900138 0.995858
0.679684 0.361086
0.967172 0.120964
0.464703 0.153259
0.872646 0.447682
0.987882 0.042529
0.765093 0.954411
0.180032 0.358123
0.450285 0.937592
0.377105 0.883124
0.807664 0.248888
0.344683 0.554723
0.892351 0.568160
0.694171 0.039327
0.538534 0.889631
0.458160 0.534241
0.784973 0.911347
0.925482 0.613464
0.854434 0.686952
0.575689 0.057200
0.736309 0.724037
0.098227 0.383008
0.645252 0.694716
0.033314 0.231097
0.758585 0.061830
0.529560 0.847066
0.671344 0.218079
0.077594 0.652498
0.950227 0.185611
0.849514 0.297093
0.016324 0.530028
0.450681 0.645631
0.341403 0.905449
0.473441 0.868864
0.603659 0.566262
0.231566 0.179498
0.016220 0.256332
0.449757 0.782751
0.515308 0.117926
0.484271 0.295562
0.874888 0.650288
0.858775 0.229310
0.100714 0.291744
0.513764 0.128008
0.649109 0.899418
0.188400 0.607235
0.114421 0.257083
0.780385 0.848640
0.033990 0.754365
0.362482 0.070696
0.370598 0.549465
0.773565 0.118416
0.049747 0.852760
0.347589 0.593093
0.652749 0.450078
0.395607 0.877682
0.996492 0.222171
0.514002 0.004264
0.866890 0.210799
0.656328 0.557110
0.615377 0.732093
0.176692 0.708168
0.676485 0.144272
0.729329 0.041388
0.319381 0.139494
0.992080 0.038089
0.107405 0.848569
0.670682 0.967688
0.607019 0.622467
0.136346 0.456374
0.861205 0.085963
0.350810 0.190940
0.022253 0.946514
0.441080 0.055751
0.324990 0.085346
0.400349 0.497947
0.273892 0.657981
0.912043 0.069254
0.516166 0.287826
0.220762 0.902378
0.377752 0.949194
0.306833 0.345780
0.450337 0.805026
0.360498 0.102653
0.934866 0.089811
0.697233 0.998320
0.670645 0.109629
0.807471 0.934767
0.909030 0.568938
0.192011 0.681889
0.926833 0.727688
0.998633 0.902087
0.516943 0.342516
0.245973 0.208179
0.242300 0.952237
0.597446 0.114132
0.094253 0.830541
0.231036 0.453988
0.857445 0.847739
0.340003 0.216387
0.050770 0.558619
0.195101 0.770428
0.787570 0.064891
0.500605 0.143181
0.278127 0.588411
0.984522 0.349973
0.983629 0.235331
0.777556 0.775650
0.623188 0.131480
0.155937 0.258344
0.334102 0.965769
0.649980 0.836817
0.290458 0.991084
0.353245 0.088304
0.996275 0.701071
0.506412 0.605837
0.286804 0.726442
0.075523 0.442347
0.795209 0.975837
0.095971 0.283414
0.271745 0.684005
0.011644 0.701359
0.678680 0.823998
0.102878 0.090442
0.426603 0.290261
0.367392 0.786244
0.466363 0.365964
0.895114 0.431888
0.205803 0.250605
0.860854 0.869571
0.381557 0.842854
0.747987 0.707953
0.083583 0.548817
0.311863 0.244260
0.103715 0.617338
0.093394 0.604545
0.659419 0.391651
0.001275 0.806347
0.330071 0.910630
0.595568 0.945089
0.735428 0.493108
0.225873 0.858848
0.084646 0.295149
0.104076 0.435711
0.229037 0.342877
0.724661 0.193767
0.262906 0.212394
0.784856 0.885821
0.034206 0.353521
0.902342 0.659272
0.150358 0.035556
0.980081 0.736138
0.194473 0.030901
0.025755 0.669064
0.903368 0.446400
0.597621 0.976171
0.001108 0.562392
0.819060 0.360986
0.230480 0.145944
0.080885 0.783202
0.879665 0.467419
0.133440 0.361887
0.762513 0.168480
0.259836 0.464797
0.178203 0.204835
0.617115 0.365784
0.849723 0.318449
0.633947 0.536871
0.220455 0.881682
0.561435 0.982345
0.774311 0.499716
0.887879 0.019352
0.237241 0.457864
0.348848 0.562732
0.616554 0.956773
0.690678 0.281459
0.039394 0.091256
0.178511 0.959829
0.262841 0.697393
0.079253 0.018636
0.545477 0.517792
0.995337 0.429886
0.293905 0.616280
0.976931 0.193167
0.527590 0.611057
0.798246 0.132619
0.741513 0.089234
0.647855 0.020514
0.188526 0.515909
0.753418 0.936784
0.951916 0.057368
0.138027 0.333392
0.433577 0.000677
0.788309 0.488271
0.044325 0.870913
0.003759 0.905629
0.950255 0.922445
0.592233 0.747730
0.702703 0.412127
0.878316 0.567831
0.459223 0.949980
0.199272 0.454786
0.289151 0.266858
0.677547 0.196889
0.749703 0.938809
0.579309 0.225848
0.517166 0.964278
0.495260 0.911358
0.362661 0.602992
0.912958 0.242560
0.173060 0.554325
0.489155 0.054736
0.035029 0.378117
0.476171 0.737922
0.623816 0.042388
0.308055 0.798682
0.268262 0.620057
0.310316 0.737109
0.099663 0.450757
0.861263 0.448195
0.634500 0.533996
0.103485 0.760020
0.989650 0.526376
0.480782 0.780793
0.683628 0.478290
0.958835 0.442590
0.638500 0.364429
0.777210 0.001713
0.564501 0.537665
0.975731 0.283896
0.383038 0.467290
0.740085 0.147182
0.723627 0.510300
0.819477 0.976088
0.816446 0.008366
0.883441 0.017765
0.294582 0.703312
0.705409 0.024172
0.518659 0.320370
0.487391 0.973846
0.041446 0.181197
0.473149 0.612690
0.741157 0.877549
0.236485 0.175253
0.969532 0.361733
0.676775 0.926305
0.784454 0.291396
0.805649 0.097074
0.966693 0.103887
0.866712 0.381346
0.056546 0.089397
0.194467 0.403681
0.088491 0.682268
0.489110 0.475331
0.050620 0.296308
0.860606 0.513011
0.350510 0.292635
0.078504 0.211501
0.730288 0.087536
0.953148 0.433113
0.141084 0.983011
0.669517 0.305396
0.060633 0.034116
0.196618 0.703011
0.617735 0.154922
0.603413 0.630514
0.673358 0.708845
0.226497 0.519908
0.700595 0.029300
0.155254 0.610063
0.904297 0.673086
0.426982 0.384759
0.526087 0.721576
0.657470 0.511862
0.691597 0.113782
0.571796 0.848247
0.474166 0.820495
0.045594 0.853401
0.072829 0.650209
0.818811 0.189190
0.132377 0.615188
0.001975 0.374112
0.269318 0.079998
0.859276 0.107425
0.810031 0.365028
0.123218 0.281858
0.595979 0.083955
0.272430 0.763173
0.465765 0.256805
0.787158 0.730693
0.684929 0.159223
0.386278 0.744942
0.161780 0.943743
0.645138 0.736912
0.761170 0.300297
0.195312 0.797988
0.408032 0.810908
0.915367 0.990430
0.958602 0.197442
0.135959 0.395360
0.009653 0.361512
0.903154 0.268508
0.914681 0.972032
0.770540 0.483578
0.280895 0.368672
0.423787 0.408876
0.131963 0.718348
0.680513 0.984950
0.738867 0.687133
0.053841 0.049269
0.844854 0.371368
0.119797 0.888587
0.640349 0.869501
0.386699 0.590414
0.379818 0.670073
0.228935 0.012120
0.974974 0.981511
0.718065 0.089496
0.247337 0.235805
0.860899 0.766175
0.778039 0.260855
0.837254 0.041142
0.453909 0.035209
0.319310 0.503619
0.876250 0.514120
0.850032 0.252942
0.772351 0.747287
0.559847 0.285616
0.429663 0.396344
0.208796 0.272546
0.958701 0.804100
0.655639 0.146527
0.883114 0.967742
0.375871 0.073373
0.153997 0.124642
0.577415 0.189676
0.190412 0.172117
0.795705 0.955947
0.959203 0.811425
0.589189 0.096025
0.424581 0.131495
0.101743 0.871910
0.921588 0.329301
0.810272 0.877776
0.137433 0.401523
0.733770 0.627731
0.420813 0.936055
0.744380 0.958947
0.081744 0.582136
0.391484 0.675145
0.193019 0.384298
0.826631 0.914933
0.159330 0.928059
0.000105 0.445361
0.981203 0.164195
0.289201 0.453109
0.708287 0.853645
0.113780 0.434050
0.050155 0.806551
0.896431 0.466480
0.492692 0.476596
0.932583 0.494173
0.554232 0.015803
0.350158 0.242427
0.008031 0.595097
0.358873 0.043654
0.996268 0.652424
0.416052 0.158574
0.965654 0.742886
0.768810 0.144947
0.265884 0.834298
0.071750 0.447808
0.069512 0.216805
0.424795 0.663515
0.995490 0.676574
0.227554 0.864479
0.448490 0.221350
0.704625 0.962265
0.222251 0.439544
0.820484 0.333826
0.357586 0.524757
0.573138 0.838961
0.594309 0.104073
0.332461 0.916634
0.011237 0.271155
0.972135 0.663647
0.609533 0.644112
0.033411 0.671184
0.662068 0.843321
0.054353 0.923119
0.625084 0.515817
0.500059 0.244500
0.288344 0.920558
0.437280 0.629468
0.626075 0.132829
0.211201 0.274946
0.503404 0.126239
0.902580 0.299727
0.991604 0.347211
0.270240 0.938188
0.550366 0.909543
0.216926 0.463660
0.746442 0.205608
0.555750 0.218562
0.495373 0.555905
0.000007 0.906719
0.036668 0.500140
0.850872 0.737874
0.982675 0.470735
0.815497 0.105193
0.817512 0.883559
0.752307 0.223666
0.164816 0.130911
0.910768 0.560600
0.991704 0.568219
0.409693 0.948984
0.671211 0.348596
0.281129 0.990332
0.486609 0.878372
0.396148 0.725661
0.728403 0.741894
0.984363 0.581598
0.008414 0.175326
0.260752 0.283174
0.795261 0.556900
0.881362 0.765687
0.461669 0.925000
0.563768 0.115079
0.326427 0.235644
0.228615 0.219595
0.272450 0.927409
0.445363 0.125077
0.527269 0.374493
0.798361 0.052032
0.103428 0.977602
0.028616 0.654727
0.213633 0.967509
0.452156 0.380848
0.699128 0.477588
0.207607 0.724844
0.139679 0.079330
0.343666 0.758913
0.849652 0.768786
0.621348 0.572616
0.407070 0.342071
0.176444 0.155477
0.711162 0.204524
0.864353 0.816459
0.818807 0.920800
0.192480 0.450037
0.971388 0.232120
0.234622 0.830664
0.290985 0.842110
0.817314 0.645752
0.598445 0.004079
0.569817 0.161836
0.685749 0.830321
0.137477 0.259435
0.161255 0.287931
0.972420 0.069187
0.678742 0.045844
0.636057 0.595144
0.959840 0.694251
0.474648 0.520696
0.524312 0.370230
0.862156 0.858417
0.453764 0.492381
0.943903 0.227169
0.831771 0.132454
0.960034 0.318169
0.727025 0.533396
0.779551 0.546235
0.715983 0.420943
0.233710 0.973298
0.977661 0.049832
0.201794 0.338311
0.935556 0.375891
0.172812 0.431009
0.270353 0.351726
0.183434 0.106557
0.881930 0.106401
0.615441 0.953914
0.040316 0.688479
0.325294 0.002864
0.532641 0.126958
0.973849 0.882914
0.086749 0.796091
0.226091 0.531901
0.732028 0.457798
0.698697 0.892914
0.044131 0.899281
0.147531 0.035246
0.412683 0.783679
0.407687 0.788386
0.569641 0.188043
0.025417 0.287646
0.620919 0.315591
0.354340 0.795831
0.734985 0.038156
0.127540 0.787430
0.459525 0.249949
0.162699 0.560143
0.360914 0.495178
0.909150 0.573096
0.311110 0.969782
0.003755 0.301942
0.282707 0.791470
0.866769 0.648126
0.955301 0.382463
0.639352 0.842868
0.784906 0.915762
0.441147 0.346042
0.443088 0.038498
0.009378 0.455905
0.693585 0.504806
0.270124 0.217736
0.841581 0.925927
0.288004 0.747735
0.864427 0.576640
0.342193 0.273118
0.212482 0.084837
0.584762 0.030174
0.054900 0.875002
0.851539 0.659093
0.437535 0.436551
0.716240 0.887715
0.418809 0.844417
0.805336 0.105922
0.754244 0.472000
0.724174 0.898200
0.111499 0.505489
0.684082 0.723978
0.115139 0.693821
0.065728 0.713672
0.743999 0.749936
0.705758 0.982934
0.733869 0.956711
0.651722 0.958414
0.674390 0.824894
0.494587 0.955426
0.431406 0.100559
0.158617 0.651231
0.374665 0.026022
0.205176 0.157202
0.645640 0.520907
0.290012 0.108985
0.361377 0.868935
0.402824 0.565805
0.217648 0.571250
0.913456 0.538429
0.428347 0.258513
0.250774 0.649816
0.317912 0.941718
0.248338 0.773364
0.169719 0.425590
0.805194 0.490680
0.125775 0.408669
0.530653 0.864152
0.031636 0.650579
0.468665 0.329164
0.125417 0.599724
0.830406 0.476614
0.380828 0.043552
0.902958 0.118458
0.131618 0.668774
0.947460 0.307349
0.328382 0.900309
0.951885 0.915967
0.408612 0.025493
0.561582 0.972506
0.296988 0.403965
0.374998 0.195814
0.495289 0.513887
0.062492 0.077027
0.569932 0.691590
0.442922 0.414093
0.600049 0.684406
0.735677 0.421414
0.310118 0.555435
0.695106 0.408898
0.678569 0.054158
0.229772 0.553031
0.787407 0.298263
0.410767 0.467159
0.557780 0.499752
0.481264 0.118982
0.802552 0.512334
0.593810 0.140324
0.719327 0.177302
0.522320 0.727600
0.546000 0.801560
0.522509 0.140907
0.605793 0.614118
0.847518 0.275568
0.379863 0.716372
0.164725 0.901941
0.562973 0.866628
0.265253 0.947710
0.281314 0.420823
0.009449 0.631366
0.781478 0.889048
0.409602 0.346481
0.935712 0.861461
0.115440 0.943381
0.850942 0.507341
0.338439 0.458192
0.717723 0.457505
0.427753 0.398792
0.790128 0.642991
0.893567 0.412991
0.048726 0.581853
0.662931 0.536392
0.666203 0.681128
0.748662 0.245640
0.868775 0.352452
0.313635 0.227393
0.166466 0.127528
0.320797 0.114121
0.211415 0.503565
0.573513 0.434955
0.735810 0.949028
0.971335 0.683089
0.119615 0.356464
0.233066 0.710832
0.143206 0.241880
0.171977 0.629221
0.391112 0.159080
0.847314 0.011174
0.590475 0.122579
0.561730 0.475481
0.891444 0.314140
0.726023 0.663512
0.726646 0.985695
0.070597 0.211328
0.422949 0.265331
0.547290 0.566957
0.181175 0.523245
0.535750 0.405916
0.388015 0.061003
0.645262 0.957645
0.479293 0.150123
0.485985 0.771298
0.734863 0.864969
0.272763 0.321466
0.452794 0.730134
0.020226 0.382675
0.924146 0.933907
0.389625 0.286095
0.509512 0.747162
0.955871 0.012725
0.904634 0.830911
0.777492 0.574365
0.374791 0.315985
0.672749 0.287030
0.336282 0.894724
0.531880 0.351013
0.168217 0.677296
0.328484 0.617644
0.548952 0.234165
0.232282 0.544831
0.928901 0.071442
0.371030 0.121833
0.975074 0.767313
0.341088 0.978244
0.952587 0.135409
0.524178 0.983008
0.044520 0.074941
0.632114 0.386361
0.553871 0.217611
0.671794 0.960893
0.779994 0.087771
0.699505 0.657518
0.116812 0.254977
0.316592 0.007952
0.581182 0.877044
0.847814 0.877351
0.547218 0.106897
0.539204 0.199119
0.935986 0.067965
0.914014 0.008426
0.489876 0.490546
0.633339 0.431835
0.047085 0.645541
0.822250 0.287462
0.924030 0.912117
0.842814 0.603462
0.612138 0.172342
0.922088 0.672172
0.000364 0.238495
0.876225 0.223065
0.245877 0.687722
0.411060 0.919761
0.232790 0.803904
0.125059 0.664627
0.282399 0.808027
0.392281 0.129107
0.408308 0.196066
0.761005 0.518705
0.945926 0.797327
0.367913 0.828652
0.828232 0.116383
0.138271 0.749569
0.128311 0.628194
0.219262 0.942049
0.744056 0.958694
0.176663 0.614859
0.261580 0.302067
0.974299 0.213579
0.101234 0.001133
0.651228 0.554772
0.023786 0.948726
0.913363 0.925380
0.954180 0.355604
0.564229 0.507841
0.866454 0.474417
0.813852 0.988517
0.165735 0.069431
0.025236 0.360305
0.601908 0.778150
0.384670 0.739922
0.254412 0.023692
0.315123 0.486125
0.538748 0.805700
0.191207 0.027240
0.502685 0.522775
0.059737 0.584666
0.903768 0.960858
0.621647 0.413603
0.689607 0.719695
0.689035 0.273075
0.538595 0.643441
0.695378 0.584375
0.061033 0.271688
0.607456 0.140400
0.109325 0.933608
0.764280 0.287893
0.400745 0.870632
0.751329 0.220457
0.317445 0.692010
0.407681 0.392231
0.315737 0.542805
0.459073 0.090503
0.850311 0.595302
0.071761 0.890031
0.098961 0.862533
0.829989 0.052730
0.059478 0.876546
0.254177 0.933414
0.782808 0.474240
0.997426 0.105608
0.605151 0.790051
0.284704 0.231026
0.246602 0.567446
0.992084 0.662126
0.555043 0.070157
0.002655 0.389221
0.491391 0.199235
0.121254 0.221944
0.675925 0.903519
0.881886 0.029444
0.445322 0.608728
0.039771 0.454500
0.906138 0.184406
0.404138 0.763818
0.912869 0.918090
0.938457 0.400090
0.247361 0.072549
0.731524 0.360978
0.531205 0.864612
0.525834 0.745971
0.563911 0.123078
0.978925 0.684194
0.847002 0.458375
0.728902 0.384497
0.027852 0.508068
0.637082 0.233788
0.876920 0.710062
0.288742 0.710338
0.198202 0.099228
0.947167 0.375903
0.765099 0.823418
0.676748 0.363798
0.972514 0.431274
0.277609 0.589637
0.400903 0.496906
0.007248 0.377278
0.899111 0.815503
0.803964 0.314582
0.110219 0.229087
0.872311 0.931900
0.588267 0.123108
0.042606 0.230798
0.783581 0.772250
0.274516 0.181333
0.210595 0.007761
0.039010 0.053252
0.054403 0.128836
0.083457 0.849853
0.320950 0.587002
0.261432 0.172749
0.390612 0.735170
0.691779 0.561663
0.496100 0.851954
0.500747 0.725401
0.212938 0.727048
0.796521 0.108505
0.524470 0.324910
0.327231 0.922641
0.403172 0.431695
0.481531 0.112598
0.136225 0.734305
0.905074 0.723845
0.815652 0.480647
0.026769 0.791933
0.511980 0.726623
0.215398 0.183556
0.655262 0.188060
0.120242 0.784955
0.058416 0.884758
0.988568 0.055378
0.835240 0.089003
0.398380 0.241661
0.189086 0.572362
0.896571 0.484541
0.678050 0.782249
0.490618 0.638149
0.098687 0.373716
0.806247 0.871192
0.572624 0.472105
0.993968 0.021653
0.769087 0.148651
0.144158 0.236424
0.451244 0.853811
0.053378 0.643079
0.695380 0.972053
0.673862 0.673089
0.199340 0.237027
0.473626 0.184095
0.070253 0.477478
0.236395 0.713415
0.361499 0.051966
0.538572 0.035792
0.414952 0.374415
0.254717 0.695467
0.756957 0.132669
0.963509 0.335950
0.895119 0.158727
0.052931 0.460479
0.867851 0.421988
0.656427 0.721939
0.809789 0.285796
0.291026 0.963090
0.113531 0.992780
0.213947 0.006298
0.991825 0.325904
0.065952 0.626505
0.374185 0.529865
0.327723 0.232000
0.108065 0.871397
0.479794 0.524639
0.377087 0.667263
0.527084 0.814461
0.097481 0.215132
0.725826 0.723239
0.808730 0.825250
0.933700 0.727301
0.235612 0.069770
0.993236 0.362047
0.266132 0.441764
0.954056 0.938904
0.563561 0.847431
0.741290 0.310014
0.410594 0.742685
0.085504 0.556802
0.669841 0.269238
0.143727 0.475608
0.937200 0.445534
0.261694 0.386914
0.063336 0.324289
0.754160 0.104247
0.223321 0.041107
0.413148 0.864674
0.625682 0.847596
0.693273 0.644875
0.769429 0.547584
0.168762 0.565074
0.881326 0.236496
0.908577 0.017732
0.795483 0.881642
0.874024 0.748659
0.073559 0.075101
0.307529 0.365334
0.606171 0.241109
0.351723 0.650502
0.284797 0.686278
0.814780 0.618701
0.588305 0.143673
0.080930 0.469197
0.089396 0.880733
0.654336 0.460864
0.953625 0.016203
0.720039 0.262882
0.477280 0.422695
0.407418 0.519676
0.590318 0.479190
0.149638 0.209354
0.036657 0.981746
0.646795 0.871972
0.636513 0.720852
0.461002 0.937272
0.634123 0.590336
0.198382 0.191093
0.639048 0.605428
0.565987 0.885515
0.080410 0.876494
0.330870 0.119817
0.410780 0.410203
0.354095 0.897694
0.520079 0.591286
0.424180 0.700719
0.949728 0.335776
0.572513 0.508870
0.533430 0.200540
0.917522 0.946006
0.033324 0.184124
0.854885 0.631505
0.188915 0.560373
0.587833 0.878837
0.351051 0.848976
0.574608 0.597670
0.534330 0.946049
0.459379 0.628180
0.288761 0.513039
0.448445 0.764550
0.265067 0.953703
0.895310 0.409223
0.727944 0.696599
0.066207 0.140275
0.557721 0.044459
0.671930 0.471377
0.473225 0.552041
0.772314 0.737098
0.307310 0.750472
0.086489 0.345900
0.171387 0.048801
0.575008 0.608976
0.256410 0.812434
0.399253 0.975176
0.835186 0.943298
0.008980 0.780553
0.754474 0.768059
0.160653 0.555673
0.335247 0.678367
0.127228 0.524603
0.135620 0.761099
0.224280 0.176622
0.473315 0.606728
0.047896 0.694952
0.953177 0.590402
0.496516 0.586442
0.500155 0.183025
0.731887 0.071909
0.559250 0.268557
0.723583 0.668937
0.191367 0.018960
0.917036 0.927244
0.767606 0.609654
0.866778 0.461308
0.844411 0.946055
0.384616 0.265740
0.588158 0.615685
0.866699 0.796003
0.810108 0.480580
0.983967 0.450348
0.271312 0.681123
0.847214 0.898442
0.421919 0.335166
0.091011 0.167984
0.150485 0.885212
0.059984 0.522638
0.436259 0.871651
0.426467 0.942991
0.021048 0.891487
0.120294 0.456756
0.347152 0.639665
0.409505 0.655302
0.044001 0.224078
0.334996 0.480640
0.188485 0.395520
0.472664 0.770333
0.412634 0.940297
0.173332 0.107334
0.687156 0.245898
0.013777 0.237639
0.270487 0.969077
0.181415 0.690628
0.880403 0.810903
0.910713 0.265367
0.618853 0.634758
0.891170 0.730666
0.560572 0.550981
0.774695 0.427521
0.202147 0.135779
0.524486 0.459646
0.160632 0.652255
0.367998 0.811103
0.609380 0.997792
0.543389 0.039640
0.943702 0.114804
0.861783 0.160123
0.080055 0.770732
0.347000 0.954565
0.609869 0.938414
0.859872 0.223536
0.752740 0.489381
0.666057 0.428339
0.683600 0.550326
0.364226 0.764130
0.344623 0.666945
0.455804 0.951256
0.294994 0.869535
0.107922 0.935388
0.500300 0.841192
0.338000 0.246600
0.218194 0.652140
0.931401 0.983371
0.298114 0.942659
0.892845 0.259547
0.280209 0.012301
0.127770 0.480637
0.652289 0.004487
0.351610 0.000365
0.503444 0.263325
0.932944 0.549240
