0.305706 0.087400
0.641413 0.363765
0.406322 0.286158
0.156038 0.335907
0.053403 0.999602
0.945866 0.740315
0.676580 0.687702
0.804327 0.189993
0.342212 0.242878
0.039972 0.992946
0.419718 0.960633
0.910609 0.309424
0.335771 0.639592
0.896403 0.157092
0.026233 0.177898
0.797330 0.307349
0.329515 0.080808
0.164776 0.679539
0.230103 0.623418
0.632734 0.184475
0.557232 0.022772
0.300994 0.094729
0.471286 0.865268
0.440838 0.926305
0.829238 0.208067
0.443218 0.504848
0.310532 0.227346
0.110012 0.359228
0.006054 0.021593
0.100900 0.836329
