0.046957 0.350338
0.975191 0.587970
0.462231 0.434330
0.342077 0.320203
0.386598 0.530934
0.310391 0.685043
0.374493 0.702506
0.323900 0.499312
0.690716 0.664282
0.149029 0.085451
0.323505 0.327303
0.950887 0.587993
0.557436 0.249392
0.346865 0.474833
0.059042 0.503019
0.441951 0.365438
0.225921 0.743270
0.163455 0.743129
0.629207 0.064833
0.307503 0.554916
0.739600 0.573798
0.585671 0.179843
0.768794 0.468267
0.617348 0.755642
0.380951 0.821132
0.251880 0.393496
0.233018 0.189120
0.824303 0.382031
0.787976 0.634022
0.949414 0.084163
0.611781 0.735282
0.241191 0.864248
0.412540 0.697464
0.908009 0.048002
0.409621 0.711823
0.518878 0.613950
0.230719 0.318092
0.361851 0.042697
0.426502 0.630785
0.723009 0.509137
0.865327 0.943709
0.102906 0.392690
0.724606 0.407057
0.857076 0.902013
0.530757 0.183365
0.998165 0.463137
0.716276 0.731762
0.929517 0.403757
0.460317 0.644399
0.693482 0.381487
