0.078531 0.904149
0.822593 0.233982
0.021749 0.425035
0.415162 0.970020
0.127784 0.835486
0.472364 0.784377
0.409645 0.448469
0.961904 0.317083
0.419464 0.693424
0.781631 0.616815
0.248630 0.418873
0.648425 0.963729
0.813889 0.284036
0.196829 0.661256
0.444209 0.684194
0.499981 0.255774
0.717774 0.284402
0.863093 0.101023
0.089306 0.772313
0.533681 0.048454
0.094980 0.883242
0.922924 0.315155
0.825500 0.099218
0.038998 0.257801
0.917507 0.678700
0.095918 0.864029
0.529278 0.834707
0.680352 0.261959
0.638765 0.946543
0.434098 0.444038
0.530336 0.663907
0.941319 0.703172
0.521155 0.642063
0.397374 0.987107
0.818949 0.432884
0.679977 0.491271
0.899991 0.748968
0.643662 0.330826
0.949447 0.916634
0.814931 0.059397
0.715790 0.838539
0.178196 0.134980
0.596832 0.197723
0.411544 0.172785
0.896968 0.952332
0.756564 0.970263
0.973561 0.393869
0.687912 0.841351
0.424970 0.171707
0.685997 0.754947
0.563527 0.722748
0.710099 0.136896
0.163864 0.487473
0.419443 0.965303
0.880277 0.142289
0.796184 0.965681
0.786432 0.832918
0.586963 0.295537
0.206483 0.054763
0.898635 0.097171
0.378790 0.393514
0.358967 0.693038
0.521716 0.812927
0.484546 0.999732
0.555565 0.556577
0.285835 0.944705
0.075539 0.016515
0.683269 0.284041
0.167665 0.114158
0.008449 0.240152
0.312958 0.837352
0.720980 0.805015
0.934666 0.582454
0.484161 0.387550
0.109255 0.861383
0.911689 0.723030
0.583859 0.751014
0.622744 0.607908
0.521253 0.185875
0.724253 0.075199
0.327973 0.825025
0.476838 0.083564
0.512012 0.760106
0.694894 0.657519
0.763619 0.773956
0.381434 0.686665
0.356021 0.207790
0.204786 0.268636
0.522480 0.749847
0.686931 0.563423
0.681899 0.619540
0.392206 0.616035
0.257277 0.688513
0.980284 0.499928
0.359629 0.053647
0.718814 0.435419
0.794542 0.456961
0.938780 0.245294
0.689384 0.733444
0.959570 0.624072
