0.536353 0.369975
0.191544 0.264144
0.585752 0.686159
0.862478 0.392636
0.737413 0.266323
0.036710 0.693043
0.409744 0.825234
0.363090 0.198102
0.137430 0.630948
0.159696 0.447538
0.826305 0.927122
0.578192 0.709140
0.623113 0.042532
0.144951 0.233494
0.453423 0.107486
0.701399 0.482081
0.602223 0.532212
0.978019 0.019462
0.064284 0.918859
0.779562 0.292467
0.775169 0.876645
0.033456 0.832802
0.248781 0.288750
0.759065 0.514211
0.593669 0.939940
0.352355 0.371292
0.357808 0.055461
0.448688 0.144323
0.160397 0.224654
0.025897 0.152889
0.609234 0.386784
0.340435 0.320868
0.573513 0.041978
0.751316 0.176287
0.484462 0.616725
0.479744 0.431792
0.969977 0.961286
0.876702 0.314943
0.794490 0.285415
0.826486 0.162301
0.771577 0.449197
0.501040 0.917207
0.044361 0.417360
0.798142 0.078423
0.887542 0.858307
0.445887 0.335240
0.974935 0.323195
0.936584 0.594427
0.877683 0.175748
0.165105 0.355340
0.410859 0.460088
0.889861 0.421742
0.329936 0.191728
0.909046 0.752374
0.793673 0.135958
0.150385 0.847041
0.956237 0.998218
0.709600 0.440931
0.028924 0.092659
0.240936 0.437148
0.160622 0.977922
0.002506 0.945887
0.526227 0.253288
0.289894 0.018417
0.083464 0.693706
0.953349 0.165017
0.561159 0.168772
0.187089 0.028237
0.375749 0.338640
0.803624 0.646314
0.337893 0.948892
0.761690 0.586335
0.207303 0.656790
0.803295 0.852678
0.381491 0.712898
0.673532 0.883515
0.262872 0.494944
0.546248 0.136625
0.138749 0.844874
0.959294 0.735499
0.729958 0.395409
0.775035 0.397677
0.916506 0.589011
0.424918 0.399526
0.532330 0.890037
0.971336 0.645081
0.536325 0.769928
0.325702 0.001365
0.313101 0.405651
0.298520 0.938524
0.334446 0.673229
0.025447 0.170388
0.921284 0.941003
0.712730 0.429492
0.385926 0.371419
0.576074 0.730380
0.405738 0.925446
0.308899 0.475932
0.081860 0.030357
0.409132 0.543724
0.770403 0.919453
0.218080 0.052880
0.438609 0.981391
0.580573 0.856623
0.994728 0.067161
0.622531 0.931691
0.767912 0.594337
0.260225 0.743017
0.073214 0.461075
0.704931 0.350556
0.586823 0.236459
0.407365 0.494852
0.077955 0.829109
0.598149 0.148937
0.896346 0.852602
0.823785 0.056352
0.498104 0.204097
0.651969 0.588591
0.207699 0.951631
0.025777 0.849958
0.360160 0.485958
0.583175 0.333837
0.945103 0.034346
0.626422 0.591580
0.882980 0.056645
0.325410 0.313708
0.103998 0.748014
0.169608 0.942828
0.671431 0.858051
0.645199 0.438675
0.293603 0.302686
0.607176 0.097877
0.702583 0.593021
0.840563 0.394563
0.542717 0.934442
0.860594 0.652610
0.608346 0.959628
0.088611 0.986345
0.497674 0.450740
0.158575 0.353717
0.008464 0.078873
0.258534 0.754449
0.891350 0.143001
0.092037 0.575386
0.897771 0.525956
0.256389 0.836252
0.412141 0.601611
0.577826 0.621249
0.341607 0.625284
0.218096 0.295397
0.351804 0.218469
0.172582 0.199251
0.983317 0.919366
0.117042 0.391615
0.661075 0.412271
0.428182 0.667075
0.117716 0.971757
0.602708 0.513681
0.291974 0.861651
0.230153 0.895801
0.334454 0.914196
0.136714 0.748182
0.955690 0.281359
0.310454 0.849443
0.985157 0.398113
0.742699 0.306739
0.674971 0.526629
0.376052 0.228023
0.978280 0.860640
0.936438 0.284347
0.759904 0.060878
0.544681 0.771840
0.655553 0.265296
0.652598 0.471490
0.086010 0.071917
0.029201 0.074592
0.753943 0.727502
0.234551 0.192677
0.803550 0.771805
0.261958 0.002995
0.707035 0.685073
0.803631 0.394067
0.856951 0.665520
0.900551 0.070578
0.789726 0.523857
0.574264 0.452838
0.943252 0.823599
0.406420 0.363284
0.860159 0.818658
0.931361 0.430945
0.788496 0.443897
0.137645 0.864554
0.702783 0.599622
0.336385 0.745937
0.870945 0.237627
0.147383 0.277544
0.226462 0.304225
0.378500 0.481484
0.970049 0.424838
0.129333 0.692117
0.021529 0.325026
0.537206 0.810263
0.170062 0.374483
0.201639 0.694296
0.029692 0.313340
0.472866 0.251876
0.197220 0.174239
0.470648 0.765804
0.330699 0.648991
0.911536 0.738437
0.219373 0.665226
0.565907 0.071367
0.299680 0.736293
0.440497 0.710499
0.486997 0.726790
0.587836 0.981428
0.639046 0.036421
0.780899 0.715969
0.444477 0.846509
0.159445 0.927928
0.038881 0.996334
0.353927 0.234673
0.190569 0.260562
0.523544 0.440812
0.469707 0.284391
0.206885 0.701219
0.416958 0.199635
0.876811 0.462924
0.361556 0.992826
0.615614 0.948826
0.203803 0.025509
0.382161 0.290928
0.173222 0.717247
0.929653 0.546765
0.301190 0.293495
0.550788 0.739929
0.105629 0.673291
0.476526 0.754068
0.775383 0.025866
0.935319 0.379448
0.963206 0.260614
0.591599 0.062178
0.148802 0.731436
0.325458 0.938391
0.417180 0.734368
0.089879 0.549166
0.412602 0.956465
0.887547 0.226697
0.174687 0.894303
0.746175 0.518204
0.540798 0.402016
0.939438 0.171290
0.807614 0.951682
0.600039 0.142928
0.384808 0.892947
0.302085 0.814015
0.245084 0.984131
0.151863 0.092352
0.077336 0.733675
0.419269 0.369203
0.183470 0.638612
0.766574 0.357997
0.324510 0.235884
0.686849 0.688522
0.917862 0.992646
0.851305 0.755883
0.215156 0.453314
0.682961 0.730774
0.348894 0.733968
0.623464 0.826042
0.426141 0.408811
0.240557 0.884292
0.168821 0.068753
0.535599 0.102214
0.952673 0.348772
0.553699 0.239590
0.480769 0.018575
0.673469 0.974367
0.742473 0.810158
0.759011 0.159932
0.355059 0.016255
0.693734 0.616721
0.862722 0.535217
0.683698 0.747464
0.076501 0.960760
0.117649 0.703912
0.078690 0.519091
0.701531 0.052571
0.086585 0.141293
0.047198 0.887955
0.972957 0.725439
0.888218 0.124121
0.874454 0.690752
0.620046 0.258677
0.984121 0.255260
0.917549 0.248243
0.320582 0.478696
0.769734 0.260257
0.993913 0.004049
0.389737 0.973297
0.247051 0.603983
0.107516 0.786539
0.341620 0.092455
0.533357 0.768696
0.178339 0.897235
0.992247 0.427781
0.394716 0.605591
0.472279 0.415237
0.566528 0.093290
0.104723 0.091478
0.054617 0.426160
0.499018 0.474589
0.984829 0.583785
0.092884 0.469931
0.826457 0.196546
0.045895 0.435605
0.043341 0.910040
0.104287 0.077215
0.331806 0.695026
0.295420 0.385105
0.030943 0.406394
0.272251 0.828194
0.393215 0.161262
0.621304 0.300795
0.537231 0.654143
0.472084 0.382251
0.069511 0.356237
0.301499 0.313967
0.558392 0.656253
0.913798 0.724382
0.270743 0.391770
0.194689 0.539653
0.840949 0.892981
0.387713 0.706312
0.831685 0.614792
0.321613 0.321864
0.467250 0.668581
0.229362 0.520286
0.172804 0.081520
0.542652 0.991603
0.936633 0.409241
0.320105 0.328203
0.927589 0.406692
0.773070 0.485275
0.246163 0.822408
0.689851 0.518729
0.165170 0.023020
0.427318 0.421179
0.724841 0.077658
0.538300 0.315068
0.087107 0.136024
0.033816 0.481711
0.625211 0.419269
0.741106 0.706028
0.327272 0.909379
0.211603 0.198963
0.726244 0.870654
0.157377 0.923053
0.233729 0.665965
0.450280 0.491350
0.451429 0.940802
0.304902 0.935864
0.761507 0.139754
0.384635 0.548932
0.255969 0.492897
0.219535 0.689379
0.855187 0.063685
0.505370 0.915091
0.286978 0.185255
0.565112 0.054556
0.450201 0.628712
0.497330 0.862207
0.570607 0.144754
0.310338 0.715821
0.471746 0.599150
0.646632 0.409005
0.229980 0.782894
0.539027 0.467741
0.460233 0.119491
0.008126 0.577212
0.487871 0.914659
0.210112 0.643589
0.702156 0.497848
0.274558 0.735198
0.458004 0.590325
0.933832 0.648463
0.995310 0.501169
0.538875 0.126238
0.978908 0.300381
0.080497 0.819619
0.427250 0.947403
0.391056 0.929074
0.994207 0.463713
0.788240 0.086665
0.795899 0.629739
0.040886 0.448410
0.233276 0.359204
0.686160 0.154274
0.551213 0.858109
0.408075 0.283013
0.196142 0.910916
0.399274 0.180087
0.386815 0.153089
0.371130 0.569067
0.696569 0.987006
0.151659 0.170439
0.860493 0.877362
0.616385 0.646446
0.467204 0.122521
0.034221 0.566578
0.672472 0.839896
0.778597 0.745544
0.580704 0.826254
0.753469 0.744037
0.480377 0.158001
0.814512 0.542343
0.690752 0.881785
0.927724 0.397801
0.379776 0.912412
0.800810 0.679356
0.346858 0.302895
0.247155 0.035940
0.429222 0.380558
0.597833 0.600105
0.886869 0.853483
0.064045 0.054354
0.848692 0.883173
0.070500 0.294800
0.661069 0.292160
0.229714 0.115293
0.770338 0.529408
0.807825 0.804861
0.591797 0.751667
0.244476 0.802298
0.670449 0.395597
0.532430 0.583951
0.322485 0.913273
0.037063 0.774240
0.861532 0.922831
0.641471 0.063171
0.460008 0.886323
0.939907 0.891083
0.673420 0.568504
0.570379 0.018072
0.664277 0.953065
0.676687 0.034059
0.202308 0.996978
0.920819 0.585142
0.588950 0.588943
0.428556 0.592887
0.756638 0.344532
0.544282 0.025427
0.927203 0.418491
0.295443 0.842703
0.378717 0.343742
0.022704 0.582937
0.066434 0.016994
0.718846 0.683361
0.070990 0.342462
0.237529 0.035500
0.105831 0.718064
0.682519 0.463746
0.605874 0.502539
0.968619 0.785706
0.240691 0.837302
0.757450 0.863776
0.048047 0.713451
0.714412 0.589623
0.767415 0.972184
0.307554 0.056732
0.368119 0.005990
0.174747 0.270909
0.213070 0.288339
0.422477 0.624581
0.776564 0.501171
0.087740 0.018007
0.343431 0.952376
0.393908 0.948942
0.656847 0.179513
0.362147 0.112055
0.053409 0.121409
0.801831 0.050364
0.226631 0.005849
0.696596 0.183183
0.393770 0.149440
0.527091 0.098553
0.305982 0.194822
0.127101 0.342844
0.238049 0.920757
0.256712 0.066221
0.821479 0.652223
0.194268 0.789844
0.343578 0.470501
0.298347 0.249209
0.925118 0.877328
0.671604 0.737713
0.810509 0.302563
0.770283 0.625530
0.856947 0.861392
0.046317 0.761096
0.192767 0.064964
0.483400 0.276004
0.930305 0.767450
0.194031 0.908792
0.764819 0.492865
0.081489 0.339132
0.268600 0.426587
0.938817 0.181120
0.698170 0.779386
0.256346 0.222863
0.172505 0.935833
0.439940 0.219263
0.151505 0.784366
0.104031 0.045919
0.246506 0.892834
0.596740 0.304232
0.528358 0.741239
0.938713 0.531330
0.663689 0.052466
0.913043 0.013130
0.406238 0.372165
0.130501 0.824828
0.197672 0.440531
0.512509 0.130352
0.891110 0.571592
0.783666 0.960770
0.900606 0.209713
0.246332 0.661389
0.401129 0.068384
0.321666 0.948238
0.556128 0.772930
0.084691 0.046884
0.133546 0.726691
0.295374 0.699967
0.286193 0.999251
0.233357 0.924607
0.718686 0.395704
0.980918 0.276777
0.940675 0.507527
0.666866 0.036994
0.814904 0.468454
0.583537 0.170135
0.148653 0.342903
0.019665 0.131911
0.648428 0.559812
0.113870 0.595535
0.160286 0.571352
0.026633 0.954304
0.751988 0.963857
0.253061 0.019332
0.858183 0.577395
0.954389 0.676378
0.406154 0.800743
0.773116 0.391685
0.567167 0.100172
0.714786 0.363982
0.537262 0.013247
0.328892 0.808284
0.541360 0.293001
0.602003 0.326831
0.075867 0.623141
0.688144 0.573499
0.257466 0.341598
0.844640 0.450246
0.029600 0.907543
0.716015 0.887612
0.893184 0.426108
0.414222 0.856046
0.774355 0.405416
0.680404 0.630790
0.619645 0.062098
0.781515 0.490271
0.317702 0.914352
0.694590 0.966462
0.586776 0.105681
0.562068 0.485364
0.538432 0.887816
0.363535 0.736740
0.730510 0.957914
0.242377 0.394502
0.656153 0.892992
0.950267 0.872554
0.780733 0.753635
0.428086 0.645701
0.434824 0.039397
0.628749 0.291150
0.098889 0.569890
0.305630 0.813375
0.874150 0.538416
0.639641 0.003617
0.224138 0.939112
0.258718 0.554982
0.392729 0.803906
0.415364 0.405084
0.256976 0.202201
0.831074 0.310442
0.756877 0.754047
0.990867 0.970254
0.459229 0.486668
0.476834 0.111958
0.259015 0.224565
0.266505 0.826930
0.699320 0.344995
0.790010 0.101905
0.899541 0.653517
0.939437 0.930189
0.621720 0.338365
0.154420 0.606451
0.576088 0.447765
0.169948 0.809858
0.669483 0.100932
0.005505 0.862553
0.534064 0.691314
0.299104 0.113944
0.338784 0.669764
0.145419 0.745994
0.582407 0.105665
0.184135 0.420692
0.294346 0.115639
0.802816 0.098110
0.828425 0.422332
0.967974 0.041902
0.224686 0.759833
0.378730 0.498874
0.935662 0.577696
0.349331 0.790182
0.566068 0.512066
0.069963 0.583980
0.158668 0.390330
0.669739 0.932786
0.474077 0.114755
0.811368 0.253592
0.658603 0.630973
0.383945 0.804686
0.671716 0.328744
0.228466 0.370412
0.853560 0.645296
0.730082 0.803548
0.052942 0.345643
0.541768 0.794722
0.807530 0.939615
0.666007 0.739257
0.170533 0.961961
0.614234 0.854060
0.911906 0.389720
0.388226 0.760654
0.987204 0.300164
0.583261 0.595177
0.363435 0.982964
0.999801 0.332137
0.518874 0.111834
0.768612 0.415951
0.192523 0.253769
0.143650 0.982783
0.248986 0.948068
0.797693 0.924883
0.845801 0.822718
0.667650 0.800654
0.442797 0.732290
0.139581 0.125866
0.576862 0.699369
0.637946 0.894929
0.740529 0.520620
0.489209 0.275856
0.149062 0.258968
0.266864 0.298533
0.658305 0.484957
0.693118 0.013118
0.604303 0.053199
0.571852 0.033910
0.875762 0.403944
0.158184 0.603692
0.101710 0.865141
0.831839 0.314602
0.439251 0.196955
0.934712 0.403745
0.080086 0.668581
0.157425 0.105284
0.259536 0.286270
0.915325 0.885455
0.248071 0.401844
0.741313 0.512917
0.532892 0.822596
0.841034 0.824099
0.155911 0.716287
0.605377 0.731671
0.964508 0.059084
0.055911 0.493977
0.352724 0.109626
0.910783 0.514280
0.923107 0.408997
0.201763 0.970855
0.383195 0.104244
0.147567 0.392478
0.905682 0.972194
0.294207 0.888562
0.127584 0.380635
0.770070 0.119175
0.941264 0.565582
0.871573 0.247411
0.238974 0.026150
0.094649 0.055036
0.812611 0.542689
0.158017 0.122094
0.681642 0.309187
0.526050 0.472103
0.224749 0.937514
0.432269 0.366707
0.624478 0.638994
0.428876 0.997138
0.299247 0.717819
0.043410 0.664560
0.193354 0.621238
0.210531 0.667325
0.023148 0.183010
0.765089 0.520441
0.836342 0.369485
0.432060 0.320990
0.531457 0.791766
0.429589 0.042967
0.305696 0.482768
0.013293 0.296012
0.352087 0.954576
0.033147 0.614700
0.510495 0.349381
0.848688 0.658556
0.992185 0.576334
0.753925 0.797674
0.743868 0.687064
0.400286 0.434803
0.494725 0.384150
0.574053 0.071988
0.038687 0.479734
0.084194 0.568325
0.844282 0.325538
0.447141 0.255128
0.655655 0.720914
0.516976 0.575765
0.350907 0.572136
0.202668 0.699667
0.957681 0.624030
0.938391 0.123472
0.390979 0.914103
0.628655 0.617004
0.174450 0.209707
0.376854 0.997759
0.133973 0.580365
0.424030 0.124799
0.811103 0.430247
0.374053 0.191428
0.134026 0.769863
0.962084 0.865755
0.704924 0.241433
0.335101 0.079222
0.915220 0.428945
0.056433 0.295404
0.983942 0.281808
0.820657 0.904864
0.929486 0.060078
0.170891 0.986565
0.431361 0.069602
0.347403 0.052339
0.516026 0.597025
0.764654 0.548110
0.009712 0.877449
0.513284 0.824068
0.741181 0.631643
0.714206 0.005711
0.548645 0.695056
0.513932 0.698638
0.247621 0.527466
0.003352 0.742220
0.850264 0.939986
0.366666 0.290741
0.491796 0.205216
0.122788 0.345329
0.715903 0.826695
0.408476 0.485978
0.998524 0.635415
0.870606 0.960182
0.648262 0.553998
0.884405 0.473188
0.511644 0.323242
0.495151 0.994585
0.232803 0.721107
0.692727 0.646951
0.169632 0.320789
0.371622 0.274467
0.452308 0.632404
0.603333 0.602927
0.085080 0.551890
0.653844 0.997260
0.438516 0.401103
0.515725 0.698687
0.956962 0.484658
0.592590 0.080846
0.414730 0.011956
0.573036 0.902692
0.594573 0.436896
0.461889 0.755728
0.833322 0.753162
0.198461 0.904069
0.482058 0.049544
0.284699 0.498085
0.962017 0.677634
0.370534 0.705853
0.762440 0.713306
0.799373 0.651356
0.422884 0.003778
0.703630 0.174346
0.270044 0.983621
0.358309 0.334035
0.437923 0.615948
0.150117 0.267236
0.490229 0.269133
0.700199 0.481295
0.785170 0.074717
0.390550 0.913162
0.575339 0.328817
0.787278 0.118137
0.719213 0.797146
0.228333 0.765348
0.795763 0.362914
0.148987 0.211689
0.360035 0.317176
0.555228 0.301986
0.055032 0.732833
0.423444 0.700328
0.304079 0.786329
0.704142 0.996015
0.347838 0.595180
0.038141 0.547282
0.461459 0.124851
0.255585 0.526949
0.289901 0.985060
0.221268 0.916353
0.373202 0.483470
0.614211 0.257420
0.098574 0.133824
0.785065 0.817438
0.512442 0.925913
0.921841 0.447086
0.653101 0.056401
0.372626 0.819488
0.323472 0.492345
0.123382 0.926553
0.513433 0.693383
0.109536 0.678564
0.002550 0.053887
0.252050 0.203988
0.026504 0.143009
0.851768 0.978663
0.274372 0.618363
0.250287 0.227056
0.898882 0.768220
0.471237 0.132937
0.668125 0.997437
0.892800 0.272856
0.864690 0.213920
0.870419 0.342999
0.047008 0.995303
0.628115 0.688492
0.327715 0.619618
0.667441 0.363940
0.395147 0.529061
0.405056 0.454964
0.106601 0.562598
0.743048 0.172741
0.115800 0.340967
0.800549 0.797003
0.662037 0.516774
0.090856 0.887706
0.344753 0.212688
0.015174 0.311529
0.434850 0.862387
0.662289 0.536607
0.032831 0.841727
0.552847 0.337383
0.173897 0.731705
0.147623 0.521165
0.801409 0.790182
0.651062 0.538982
0.382682 0.225869
0.884519 0.875540
0.824848 0.165982
0.778082 0.926559
0.263580 0.788058
0.335475 0.666495
0.243745 0.946760
0.763497 0.785650
0.788598 0.768121
0.825588 0.132861
0.862922 0.106528
0.378543 0.238471
0.775558 0.463825
0.482042 0.411991
0.138041 0.955299
0.432604 0.409848
0.098629 0.173891
0.566714 0.950837
0.704766 0.351822
0.702288 0.420364
0.412093 0.047963
0.643325 0.949321
0.954371 0.699571
0.259489 0.679365
0.016270 0.768669
0.270525 0.433647
0.409703 0.886165
0.014852 0.200487
0.744497 0.350928
0.162320 0.807209
0.905403 0.576363
0.543023 0.912368
0.000068 0.593670
0.007263 0.976764
0.826297 0.518783
0.506118 0.187189
0.322051 0.969106
0.387793 0.401508
0.907856 0.776522
0.241791 0.059707
0.108870 0.984725
0.491144 0.662731
0.352637 0.041814
0.332334 0.859435
0.378580 0.303155
0.553223 0.401687
0.266610 0.444891
0.221189 0.228628
0.694721 0.155068
0.226870 0.723354
0.669275 0.517207
0.193298 0.748720
0.636677 0.830252
0.315893 0.413724
0.581478 0.219163
0.285685 0.647890
0.443425 0.282043
0.566303 0.568296
0.944828 0.192523
0.944687 0.312386
0.709596 0.130246
0.456137 0.479405
0.376629 0.647633
0.496228 0.574290
0.262755 0.597710
0.175290 0.880076
0.014226 0.545644
0.745554 0.998355
0.600789 0.165720
0.236749 0.892025
0.952671 0.985859
0.272823 0.640594
0.518330 0.983353
0.410648 0.275482
0.029625 0.958385
0.240971 0.001260
0.801107 0.315956
0.922541 0.828500
0.961388 0.872232
0.782250 0.144876
0.117135 0.567905
0.107304 0.033378
0.083972 0.519018
0.279839 0.209986
0.483653 0.664804
0.960066 0.297886
0.203130 0.382448
0.110953 0.781258
0.938707 0.830270
0.275590 0.388927
0.307225 0.453698
0.667839 0.846619
0.296296 0.042469
0.317488 0.906300
0.146871 0.962890
0.723073 0.312062
0.113975 0.705556
0.208697 0.894220
0.935233 0.686793
0.455559 0.296794
0.251836 0.321184
0.484612 0.938250
0.672907 0.742912
0.703647 0.681365
0.651753 0.195213
0.500282 0.345303
0.851270 0.030128
0.261759 0.631457
0.215826 0.464812
0.633077 0.254368
0.538224 0.726033
0.286953 0.069962
0.912893 0.981076
0.472235 0.775619
0.100226 0.501130
0.131803 0.320031
0.492055 0.832338
0.436691 0.505557
