0.385538 0.971932
0.942286 0.058757
0.729344 0.763303
0.270934 0.342270
0.043522 0.851689
0.586221 0.999018
0.770268 0.376890
0.365868 0.176436
0.410720 0.830474
0.882635 0.045254
0.595081 0.387878
0.183404 0.502015
0.223331 0.327326
0.442633 0.551380
0.250144 0.283279
0.340467 0.415253
0.442550 0.844817
0.698821 0.131576
0.099983 0.928317
0.597998 0.777704
0.293765 0.428963
0.591913 0.481607
0.656679 0.887088
0.441758 0.068709
0.133208 0.293028
0.995933 0.532976
0.387098 0.698131
0.458364 0.517977
0.755341 0.999737
0.307779 0.646924
0.736252 0.124415
0.557333 0.850274
0.004255 0.846419
0.876937 0.805326
0.855061 0.647281
0.339914 0.224271
0.802372 0.347642
0.201132 0.005503
0.770810 0.723888
0.165491 0.197577
0.959720 0.959835
0.063677 0.315978
0.988567 0.577658
0.716336 0.799988
0.377073 0.442456
0.038330 0.300219
0.761859 0.541291
0.111505 0.046974
0.506227 0.500226
0.037410 0.765395
0.520876 0.221850
0.870633 0.475459
0.180703 0.600953
0.828982 0.043169
0.196488 0.007468
0.278438 0.533892
0.180149 0.113499
0.698868 0.259574
0.428356 0.685191
0.950696 0.908678
0.141731 0.160393
0.683281 0.300986
0.895421 0.189511
0.652474 0.118962
0.681790 0.829650
0.047857 0.433242
0.257045 0.751089
0.669408 0.961827
0.841041 0.640301
0.938865 0.780925
0.443099 0.965231
0.282793 0.639926
0.216608 0.406182
0.382383 0.123841
0.281255 0.549632
0.149281 0.653571
0.394162 0.892514
0.057211 0.717738
0.699798 0.810908
0.635965 0.789331
0.543458 0.909793
0.517310 0.096283
0.994201 0.089483
0.411619 0.787144
0.290536 0.739527
0.789554 0.061327
0.895777 0.702320
0.844890 0.518001
0.229877 0.036361
0.522550 0.318502
0.430665 0.153053
0.010216 0.754211
0.689806 0.601102
0.112349 0.465173
0.807451 0.629056
0.352254 0.864293
0.614389 0.669196
0.480785 0.287772
0.821687 0.054950
0.309589 0.014515
