0.341432 0.770914
0.457573 0.611906
0.922282 0.707176
0.171378 0.832247
0.504230 0.451253
0.605344 0.375536
0.918443 0.908713
0.863073 0.424859
0.093437 0.069143
0.484256 0.091766
0.680640 0.844291
0.275376 0.941379
0.650617 0.669916
0.430172 0.701509
0.287439 0.214155
0.512386 0.975652
0.494107 0.997122
0.874319 0.382234
0.088474 0.719620
0.866937 0.176319
0.817006 0.623269
0.760747 0.074964
0.142805 0.259999
0.641394 0.703773
0.474672 0.635796
0.669897 0.809665
0.395596 0.811724
0.004669 0.143719
0.621890 0.694691
0.370958 0.707956
0.878314 0.931062
0.733063 0.881244
0.609873 0.528160
0.775633 0.792016
0.467567 0.071838
0.932635 0.189303
0.803238 0.182748
0.515999 0.978623
0.987758 0.159559
0.090717 0.535530
0.227127 0.594327
0.619111 0.887213
0.692710 0.113360
0.054260 0.861273
0.204618 0.296345
0.000995 0.340876
0.411409 0.257166
0.782649 0.836772
0.394592 0.331756
0.752697 0.689182
0.893031 0.811487
0.972648 0.346373
0.890210 0.685028
0.441046 0.331762
0.136400 0.907241
0.903139 0.707688
0.288143 0.800634
0.896777 0.071529
0.739044 0.813017
0.097299 0.378616
0.888738 0.004445
0.212676 0.176468
0.550995 0.317193
0.649876 0.156117
0.437249 0.894412
0.924409 0.278878
0.168498 0.456294
0.317233 0.120659
0.066304 0.016963
0.596680 0.490993
0.052778 0.031017
0.717787 0.830229
0.349763 0.395503
0.287381 0.365870
0.309024 0.601320
0.240530 0.517836
0.628122 0.727439
0.612390 0.582469
0.410746 0.901979
0.509271 0.296385
0.015613 0.316128
0.383670 0.483811
0.404669 0.870024
0.500261 0.624852
0.749169 0.054151
0.043332 0.847142
0.381302 0.725459
0.660847 0.539656
0.789400 0.024329
0.366310 0.514983
0.246356 0.796675
0.626837 0.405130
0.833735 0.534881
0.154306 0.766006
0.078160 0.031950
0.386195 0.187003
0.151903 0.655128
0.893670 0.554605
0.606232 0.388465
0.986759 0.502808
0.903882 0.568159
0.599858 0.998100
0.596157 0.540214
0.135613 0.953100
0.850495 0.306849
0.321134 0.740456
0.175938 0.596242
0.287777 0.487408
0.616805 0.689657
0.024167 0.071449
0.388966 0.770594
0.071880 0.808827
0.918453 0.522590
0.834185 0.930150
0.508773 0.195399
0.150452 0.071144
0.411109 0.383748
0.852332 0.171675
0.900720 0.318482
0.862519 0.372415
0.073188 0.556861
0.022901 0.726069
0.465774 0.576920
0.246126 0.798897
0.281982 0.930212
0.773073 0.528257
0.951541 0.287941
0.288472 0.023240
0.993373 0.927368
0.397855 0.347954
0.665695 0.948581
0.501297 0.710843
0.685277 0.786105
0.412831 0.898446
0.376973 0.385490
0.169180 0.238286
0.974978 0.751958
0.347421 0.853147
0.438892 0.446314
0.868408 0.477738
0.070505 0.002779
0.701277 0.648838
0.421325 0.174037
0.104068 0.651253
0.466216 0.370722
0.036484 0.204495
0.785125 0.655714
0.163026 0.508856
0.542730 0.178063
0.428227 0.934608
0.384917 0.986974
0.530435 0.334328
0.981387 0.753250
0.746561 0.685908
0.835251 0.043719
0.467444 0.532590
0.153367 0.443599
0.491966 0.476393
0.025234 0.002423
0.597754 0.802608
0.893639 0.191044
0.157322 0.165572
0.316835 0.800428
0.600681 0.149702
0.319896 0.987332
0.338973 0.434832
0.211986 0.977648
0.358378 0.241185
0.606625 0.775091
0.069527 0.706821
0.523661 0.591093
0.154886 0.859232
0.874474 0.611157
0.095057 0.882771
0.336073 0.143609
0.774647 0.454880
0.605072 0.158584
0.069356 0.026659
0.289152 0.718253
0.598157 0.057069
0.241455 0.823724
0.887897 0.375111
0.972460 0.759688
0.042406 0.040637
0.884255 0.104807
0.634159 0.301951
0.463696 0.194034
0.943757 0.507164
0.243816 0.968400
0.860985 0.116322
0.296952 0.828554
0.730930 0.282576
0.258377 0.320175
0.179601 0.823253
0.395874 0.222598
0.485741 0.785418
0.038495 0.886381
0.378985 0.225611
0.756881 0.471203
0.239251 0.269697
0.047855 0.072424
0.548218 0.996315
0.917605 0.592757
0.100989 0.196208
0.680626 0.614968
0.924487 0.599744
0.495698 0.462138
0.068895 0.736241
0.645514 0.093964
0.439384 0.191227
0.333182 0.480730
0.617646 0.661583
0.816684 0.620997
0.186175 0.873527
0.031467 0.424716
0.413023 0.124713
0.461684 0.270388
0.280674 0.939231
0.912229 0.163071
0.749965 0.083109
0.006544 0.069421
0.838398 0.977940
0.689272 0.186643
0.561979 0.371554
0.748206 0.614133
0.040641 0.977182
0.386555 0.139743
0.099557 0.676372
0.174430 0.627052
0.512145 0.795932
0.287524 0.795636
0.625247 0.915473
0.801344 0.023300
0.482996 0.639670
0.950916 0.167354
0.723054 0.778138
0.688786 0.301461
0.457433 0.415866
0.578180 0.695227
0.069807 0.428434
0.043601 0.325630
0.362197 0.098798
0.267686 0.702543
0.766165 0.626170
0.571043 0.815031
0.397098 0.482627
0.940862 0.560738
0.574905 0.769302
0.484445 0.107636
0.060441 0.951610
0.975431 0.255531
0.664154 0.611696
0.333301 0.014166
0.071984 0.146381
0.830888 0.295401
0.703226 0.660141
0.059938 0.828893
0.166063 0.655186
0.201392 0.153820
0.408709 0.504540
0.944906 0.813657
0.977556 0.108995
0.481208 0.686640
0.888471 0.585168
0.351271 0.721479
0.493343 0.309384
0.577873 0.216051
0.381229 0.150908
0.427943 0.176207
0.791902 0.268105
0.358239 0.222506
0.239347 0.412373
0.182210 0.974578
0.043719 0.287241
0.262533 0.836023
0.252512 0.143824
0.581632 0.627111
0.995150 0.458852
0.871620 0.568274
0.659953 0.237780
0.595442 0.704239
0.408403 0.213033
0.462590 0.976861
0.448848 0.966232
0.335627 0.804086
0.180290 0.793264
0.837860 0.203188
0.786584 0.952375
0.707830 0.208286
0.112407 0.787988
0.962922 0.575342
0.684523 0.106745
0.232230 0.542266
0.555402 0.097299
0.197902 0.717370
0.240931 0.031690
0.944576 0.006387
0.399976 0.963658
0.158089 0.856384
0.060725 0.648058
0.537500 0.994351
0.137289 0.945545
0.488585 0.268879
0.699694 0.048035
0.152290 0.165285
0.961419 0.962942
0.088241 0.057681
0.230856 0.828009
0.481274 0.285907
0.136520 0.793571
0.568019 0.700929
0.280597 0.405396
0.090959 0.409175
0.101361 0.648773
0.978954 0.064499
0.132256 0.073308
0.126099 0.205831
0.033873 0.707945
0.094863 0.819267
0.744812 0.796986
0.804832 0.515245
0.848385 0.740452
0.784955 0.454633
0.784326 0.005906
0.365059 0.431962
0.848188 0.193893
0.261508 0.329698
0.015791 0.885446
0.372203 0.494367
0.506092 0.377651
0.237760 0.453511
0.653061 0.922039
0.548520 0.791859
0.095630 0.620627
0.281172 0.935778
0.514496 0.705712
0.534106 0.056955
0.145563 0.532057
0.897223 0.299460
0.081991 0.243911
0.239771 0.058725
0.940349 0.744326
0.128893 0.096650
0.811045 0.290532
0.701914 0.863964
0.539224 0.766684
0.706983 0.519131
0.289522 0.444046
0.599580 0.782498
0.036556 0.828767
0.036437 0.945049
0.092760 0.018643
0.843839 0.063058
0.036127 0.842835
0.553819 0.613070
0.432691 0.942288
0.899648 0.656087
0.562000 0.863624
0.241102 0.865456
0.948619 0.185600
0.750352 0.609928
0.878625 0.674726
0.330918 0.651456
0.237320 0.475461
0.664980 0.916771
0.942847 0.380409
0.488441 0.232409
0.970117 0.297263
0.178494 0.874771
0.460460 0.131758
0.005040 0.279988
0.694584 0.439687
0.945147 0.282756
0.769977 0.366082
0.788877 0.808969
0.668538 0.585944
0.375102 0.033915
0.026260 0.188452
0.187593 0.635937
0.323977 0.705355
0.214472 0.924882
0.406678 0.774311
0.928239 0.305349
0.208619 0.249205
0.478939 0.746616
0.312436 0.922039
0.709620 0.674340
0.502690 0.404751
0.401105 0.973492
0.787748 0.134389
0.232191 0.597691
0.458637 0.911315
0.301730 0.616996
0.629488 0.857703
0.700680 0.404365
0.361394 0.192342
0.545019 0.060449
0.910003 0.757806
0.084575 0.107005
0.856890 0.807360
0.988107 0.941146
0.885717 0.161486
0.671648 0.535823
0.746426 0.477715
0.584904 0.396325
0.514197 0.042479
0.699660 0.838259
0.594594 0.190016
0.054454 0.239384
0.052344 0.180843
0.101411 0.035840
0.748389 0.131176
0.773965 0.882726
0.458339 0.374643
0.648292 0.579631
0.615174 0.458971
0.306664 0.073667
0.570034 0.832856
0.027480 0.095686
0.297147 0.162004
0.224635 0.759789
0.282420 0.128385
0.637958 0.761913
0.929973 0.513008
0.136801 0.650162
0.196830 0.340106
0.140495 0.007753
0.323237 0.869358
0.082190 0.288830
0.464552 0.262847
0.046749 0.478075
0.750364 0.824740
0.698668 0.706971
0.797484 0.814200
0.882652 0.452704
0.985682 0.965843
0.827265 0.970144
0.868505 0.017084
0.711232 0.162980
0.936262 0.738009
0.462279 0.187012
0.574207 0.186952
0.050025 0.696760
0.466210 0.173734
0.207285 0.795969
0.882654 0.202567
0.468233 0.433260
0.261051 0.487929
0.647239 0.196059
0.238814 0.989223
0.398796 0.199157
0.829879 0.793850
0.296796 0.038603
0.750330 0.593356
0.950516 0.587345
0.992911 0.443598
0.035034 0.745936
0.626281 0.477416
0.755398 0.129756
0.452113 0.747095
0.186707 0.073670
0.591584 0.913924
0.136376 0.265654
0.292555 0.073457
0.660218 0.782868
0.249709 0.607628
0.130554 0.296805
0.512139 0.588643
0.802433 0.738559
0.616347 0.924633
0.153141 0.770932
0.927371 0.133313
0.880518 0.000987
0.296692 0.357458
0.337229 0.984859
0.052829 0.994786
0.350948 0.726001
0.029003 0.104872
0.834567 0.548752
0.801969 0.577008
0.325835 0.940997
0.567088 0.895471
0.612488 0.202862
0.106956 0.222439
0.896745 0.512814
0.124370 0.433849
0.532155 0.328174
0.805136 0.689757
0.226154 0.873993
0.852204 0.098318
0.743260 0.842378
0.389849 0.041298
0.566697 0.323801
0.075080 0.769040
0.680363 0.422551
0.473197 0.944128
0.618368 0.970435
0.255384 0.915513
0.196002 0.245979
0.058458 0.638656
0.883832 0.630802
0.910370 0.322292
0.615733 0.690500
0.969780 0.078694
0.931996 0.254285
0.953996 0.081866
0.750279 0.685796
0.036821 0.996876
0.730005 0.686906
0.186281 0.733587
0.149912 0.657026
0.881990 0.899328
0.453814 0.842288
0.902840 0.677571
0.136246 0.252215
0.407944 0.243516
0.437487 0.595817
0.847257 0.242457
0.396593 0.294801
0.332992 0.303158
0.171395 0.968424
0.978947 0.035954
0.176033 0.652742
0.372081 0.474118
0.509450 0.416376
0.779159 0.457058
0.352356 0.965604
0.910991 0.025185
0.495547 0.293503
0.067795 0.498869
0.929041 0.421015
0.271424 0.547645
0.469363 0.802240
0.553675 0.220897
0.731411 0.021912
0.914625 0.607547
0.361665 0.999925
0.590927 0.519765
0.341140 0.035973
0.181198 0.354579
0.339297 0.676719
0.864144 0.077226
0.554254 0.568647
0.414768 0.091446
0.209985 0.171595
0.974974 0.614391
0.897782 0.451187
0.567159 0.057674
0.247131 0.442765
0.152786 0.831075
0.990229 0.885088
0.632726 0.931729
0.344745 0.958987
0.562087 0.659170
0.781007 0.534343
0.509507 0.805368
0.662668 0.228122
0.929331 0.708954
0.953991 0.006924
0.134856 0.634126
0.172253 0.029377
0.461776 0.037229
0.030363 0.916880
0.993197 0.417843
0.762652 0.665626
0.281063 0.616211
0.955879 0.968480
0.343577 0.615142
0.817862 0.802217
0.844149 0.132074
0.207737 0.753787
0.764656 0.545754
0.424700 0.708671
0.074266 0.992039
0.706194 0.205086
0.864797 0.784611
0.621848 0.969682
0.174564 0.668938
0.066081 0.893557
0.254915 0.801601
0.350133 0.981822
0.347077 0.762144
0.973387 0.615612
0.131738 0.350898
0.014199 0.802358
0.889689 0.403771
0.722053 0.958294
0.069136 0.363767
0.815716 0.166587
0.393742 0.889067
0.196146 0.785149
0.865176 0.348762
0.268303 0.740094
0.014955 0.659890
0.832558 0.833976
0.542557 0.553207
0.554300 0.922346
0.040287 0.020170
0.349395 0.867857
0.850082 0.389879
0.633553 0.768013
0.223433 0.212292
0.275203 0.070881
0.862829 0.882796
0.264380 0.842441
0.611583 0.733264
0.564199 0.629963
0.528665 0.136012
0.346849 0.077671
0.836106 0.019616
0.832650 0.694162
0.258774 0.079332
0.248551 0.945411
0.089828 0.879907
0.001570 0.152914
0.909835 0.994846
0.023007 0.513377
0.263545 0.303762
0.380880 0.924577
0.755538 0.578195
0.680871 0.201393
0.964432 0.526347
0.480189 0.696693
0.295056 0.538472
0.924082 0.303672
0.389005 0.477170
0.081363 0.309386
0.996160 0.990662
0.003132 0.593675
0.273302 0.992135
0.358021 0.223284
0.320618 0.144534
0.607587 0.577957
0.392912 0.417748
0.077132 0.763391
0.629536 0.043881
0.950039 0.215407
0.335544 0.486376
0.167850 0.080297
0.816305 0.360028
0.453626 0.168284
0.518763 0.591469
0.192766 0.020143
0.764797 0.493498
0.703292 0.901467
0.675564 0.841655
0.506711 0.344748
0.980479 0.487757
0.570929 0.196302
0.280436 0.522610
0.138279 0.993295
0.992094 0.508939
0.674574 0.895485
0.638574 0.845605
0.679229 0.326997
0.371566 0.895447
0.581796 0.945353
0.610897 0.111654
0.716909 0.548125
0.469786 0.031356
0.417451 0.052018
0.197514 0.670139
0.594871 0.734840
0.215942 0.547510
0.785944 0.517732
0.452322 0.300853
0.536826 0.183198
0.578032 0.604220
0.168168 0.073891
0.451365 0.898336
0.419097 0.997760
0.532237 0.259476
0.203263 0.777101
0.287622 0.587435
0.726731 0.122201
0.638794 0.176574
0.515363 0.284684
0.314885 0.648980
0.478418 0.251330
0.572036 0.175068
0.995478 0.076058
0.113370 0.884481
0.155376 0.315922
0.202246 0.378945
0.698678 0.436380
0.899736 0.298765
0.919366 0.481775
0.076992 0.965944
0.766718 0.268862
0.354143 0.229447
0.654978 0.854391
0.399587 0.771908
0.036281 0.052171
0.087031 0.302144
0.621363 0.330692
0.852341 0.254089
0.242983 0.509315
0.218261 0.840347
0.748547 0.289178
0.862258 0.567307
0.981293 0.804418
0.791274 0.608841
0.863502 0.059925
0.156826 0.756865
0.830535 0.333802
0.994939 0.019596
0.381117 0.365844
0.707573 0.322136
0.307121 0.427766
0.415719 0.179022
0.245230 0.176590
0.409026 0.654717
0.553175 0.529484
0.792844 0.405503
0.154883 0.666547
0.090747 0.105069
0.921697 0.667418
0.999122 0.096112
0.360940 0.218269
0.710090 0.681536
0.868439 0.287651
0.220054 0.071419
0.568247 0.662813
0.823339 0.635658
0.810625 0.762561
0.553913 0.777282
0.728468 0.198347
0.682884 0.437680
0.862699 0.142224
0.505431 0.972552
0.758768 0.678451
0.558092 0.896171
0.609232 0.964957
0.095765 0.781578
0.471496 0.211515
0.127531 0.425644
0.325164 0.193424
0.561389 0.240426
0.250018 0.262635
0.040191 0.716101
0.303525 0.592679
0.864570 0.715720
0.255864 0.699424
0.993375 0.308395
0.200795 0.116589
0.488082 0.825004
0.202344 0.473133
0.924911 0.829324
0.560060 0.119011
0.236825 0.737544
0.979783 0.876497
0.167332 0.890360
0.922121 0.456152
0.018986 0.984460
0.667539 0.569703
0.661691 0.903916
0.184709 0.796503
0.829422 0.157111
0.717959 0.815898
0.578665 0.321068
0.119963 0.704767
0.407895 0.122620
0.347419 0.617633
0.944598 0.044622
0.210335 0.316176
0.294844 0.635468
0.419623 0.695654
0.120151 0.021450
0.213063 0.667606
0.257320 0.474043
0.356300 0.501446
0.229202 0.267985
0.113382 0.001898
0.307769 0.481062
0.860463 0.704937
0.885663 0.832796
0.376623 0.611796
0.788295 0.136771
0.487388 0.848762
0.815863 0.450133
0.659358 0.039897
0.243078 0.543818
0.348465 0.110502
0.224157 0.888367
0.389745 0.701025
0.051589 0.952729
0.483077 0.364305
0.999418 0.247216
0.877234 0.243444
0.045270 0.206863
0.683665 0.983278
0.110062 0.707667
0.861782 0.215297
0.580324 0.735783
0.809142 0.074082
0.785274 0.488507
0.662745 0.852692
0.789283 0.975919
0.871795 0.085117
0.330076 0.013362
0.337591 0.055843
0.984000 0.347456
0.432852 0.979707
0.671911 0.542150
0.510600 0.869658
0.432725 0.166338
0.091850 0.415701
0.986376 0.770865
0.781697 0.035195
0.983926 0.120295
0.104981 0.622882
0.999789 0.153576
0.875593 0.428382
0.259504 0.187806
0.417551 0.919604
0.816222 0.950575
0.941359 0.452411
0.390059 0.128899
0.645727 0.060044
0.366665 0.256561
0.662627 0.700221
0.514871 0.926696
0.792715 0.853508
0.827981 0.512768
0.088541 0.453454
0.519244 0.808605
0.734535 0.747154
0.609305 0.256955
0.345639 0.834316
0.731867 0.726077
0.760538 0.313579
0.753542 0.115147
0.640800 0.676732
0.554864 0.421820
0.703834 0.834652
0.851619 0.289055
0.215436 0.433205
0.249170 0.463384
0.446778 0.422999
0.817153 0.043051
0.161064 0.683793
0.347900 0.872024
0.836671 0.372566
0.119187 0.944643
0.256430 0.063598
0.420364 0.225741
0.296843 0.679646
0.320651 0.862315
0.236330 0.675178
0.159388 0.365417
0.668255 0.925780
0.020203 0.974675
0.152289 0.302302
0.014594 0.082939
0.066794 0.963947
0.545108 0.294789
0.735259 0.991423
0.844291 0.420228
0.791410 0.099447
0.992814 0.463628
0.920483 0.817311
0.308645 0.458074
0.568245 0.706869
0.468875 0.816515
0.944686 0.899225
0.976772 0.723680
0.665929 0.474574
0.618878 0.976502
0.675749 0.984045
0.370417 0.595837
0.667173 0.718078
0.802039 0.478556
0.085026 0.162764
0.416875 0.336610
0.931840 0.453753
0.504115 0.178483
0.022450 0.536748
0.033807 0.628466
0.036635 0.174251
0.837285 0.450484
0.704595 0.900174
0.818613 0.745742
0.726573 0.517051
0.224675 0.427255
0.575847 0.755041
0.065005 0.739348
0.163389 0.267543
0.617159 0.786527
0.452834 0.225178
0.579459 0.263628
0.506034 0.388054
0.840108 0.837973
0.112281 0.685635
0.020182 0.924279
0.108424 0.014213
0.917743 0.914363
0.732438 0.173879
0.731252 0.276228
0.869591 0.610074
0.472736 0.320892
0.848246 0.899194
0.294602 0.850384
0.521395 0.723399
0.548734 0.346582
0.730390 0.416696
0.272493 0.838161
0.888957 0.032503
0.453441 0.091653
0.348391 0.282359
0.863125 0.312689
0.408962 0.626065
0.469933 0.114794
0.327910 0.255474
0.442065 0.115606
0.440990 0.707330
0.533850 0.154217
0.562404 0.364930
0.212123 0.788352
0.157039 0.164083
0.224129 0.426404
0.389297 0.405738
0.434350 0.176859
0.044387 0.695815
0.664930 0.256470
0.490822 0.682195
0.962805 0.588548
0.306949 0.439489
0.186407 0.044028
0.929689 0.064102
0.055752 0.630544
0.700295 0.285308
0.841992 0.818473
0.979737 0.672428
0.685940 0.108009
0.585478 0.323887
0.129842 0.887584
0.661722 0.760846
0.822627 0.611492
0.236824 0.116244
0.516097 0.333368
0.144408 0.609531
0.407995 0.672227
0.688850 0.728011
0.607620 0.359022
0.421098 0.497636
0.000624 0.614256
0.657462 0.719273
0.071867 0.740950
0.921786 0.070843
0.308672 0.482306
0.320589 0.531440
0.651545 0.889721
0.971060 0.670409
0.085423 0.674306
0.993406 0.962561
0.871710 0.273884
0.251937 0.440096
0.109857 0.157473
0.983309 0.672478
0.286970 0.210540
0.685768 0.277410
0.224892 0.396856
0.159791 0.909242
0.366442 0.276585
0.388379 0.945534
0.655972 0.375247
0.024387 0.898179
0.364122 0.844522
0.612594 0.912387
0.082636 0.333371
0.315826 0.585026
0.772323 0.496753
0.837317 0.733186
0.185735 0.109259
0.435564 0.674537
0.205839 0.322258
0.413304 0.042943
0.642961 0.205709
0.228842 0.155964
0.814492 0.349563
0.425795 0.475291
0.795322 0.964737
0.906435 0.756828
0.571711 0.619906
0.684165 0.074041
0.457246 0.477935
0.142240 0.016370
0.036813 0.654511
0.998741 0.013890
0.592943 0.111635
0.631859 0.920109
0.438629 0.319865
0.154946 0.696669
0.831712 0.775782
0.647348 0.286896
0.178131 0.344919
0.244930 0.539560
0.044816 0.315433
0.373263 0.349875
0.097738 0.994106
