0.561895 0.922109
0.347127 0.090544
0.059288 0.617448
0.895273 0.004758
0.021011 0.904013
0.241672 0.781076
0.518252 0.508589
0.987515 0.250029
0.706213 0.894396
0.903049 0.454536
0.919869 0.630931
0.234698 0.308064
0.351509 0.249320
0.923943 0.111855
0.151915 0.053205
0.291232 0.350934
0.477643 0.324869
0.059447 0.423955
0.218834 0.117325
0.944014 0.478547
0.885109 0.355277
0.420533 0.321676
0.401536 0.281387
0.695822 0.453629
0.372324 0.378957
0.354593 0.634596
0.706793 0.778154
0.631479 0.034415
0.370361 0.810107
0.766954 0.938890
0.422667 0.811691
0.445701 0.190222
0.435659 0.503538
0.887287 0.024399
0.846346 0.264798
0.761538 0.735048
0.792105 0.410380
0.734798 0.641050
0.500831 0.139909
0.118297 0.164357
0.363905 0.172331
0.786125 0.434794
0.406838 0.206103
0.257882 0.730207
0.990640 0.252101
0.599832 0.233215
0.226361 0.574889
0.588431 0.039874
0.765922 0.447694
0.401420 0.090960
0.344272 0.177414
0.954164 0.713136
0.691052 0.888216
0.882750 0.755160
0.204387 0.365765
0.090364 0.883362
0.085081 0.858827
0.719789 0.460984
0.466382 0.111001
0.392366 0.577575
0.442696 0.052521
0.562586 0.217490
0.799989 0.520590
0.877494 0.260630
0.681321 0.096383
0.501386 0.993930
0.382855 0.647896
0.468826 0.078681
0.968841 0.449970
0.262778 0.466658
0.418495 0.816375
0.979709 0.587077
0.573372 0.023487
0.639798 0.236811
0.240716 0.931139
0.427923 0.997853
0.426459 0.113400
0.909887 0.678896
0.820946 0.500539
0.558401 0.231971
0.341126 0.503156
0.244597 0.830471
0.744861 0.340428
0.703415 0.311462
0.076181 0.826654
0.364980 0.983044
0.974711 0.183758
0.359130 0.876633
0.688171 0.542130
0.946540 0.884371
0.963762 0.668170
0.107434 0.863490
0.862409 0.114115
0.527663 0.712294
0.939258 0.424226
0.761951 0.626531
0.164472 0.251108
0.925438 0.230282
0.420305 0.236948
0.867139 0.042076
0.403573 0.296645
0.412768 0.784831
0.287084 0.503319
0.929390 0.377275
0.549220 0.121389
0.160672 0.054881
0.967807 0.458390
0.009021 0.959963
0.892560 0.113930
0.699705 0.713391
0.559804 0.892670
0.552083 0.934518
0.393828 0.117920
0.404369 0.411260
0.951175 0.333438
0.590871 0.638859
0.407287 0.413229
0.254462 0.743713
0.259384 0.912642
0.692066 0.387772
0.225087 0.088751
0.377231 0.109336
0.153225 0.394035
0.281396 0.697694
0.131434 0.404536
0.124266 0.621906
0.874548 0.082214
0.223726 0.238120
0.908479 0.990895
0.687025 0.485168
0.026163 0.586208
0.787499 0.044796
0.985338 0.982137
0.504898 0.490723
0.442325 0.660274
0.372404 0.779839
0.671643 0.432594
0.969726 0.549181
0.708208 0.594564
0.629211 0.073960
0.167035 0.612587
0.180665 0.414731
0.144763 0.878310
0.850655 0.235926
0.288000 0.031996
0.753318 0.013295
0.325389 0.108188
0.762280 0.864434
0.103464 0.289082
0.937028 0.034402
0.440794 0.364518
0.092167 0.147540
0.920536 0.092229
0.544248 0.696966
0.078485 0.527952
0.548416 0.884808
0.311828 0.052243
0.445887 0.849097
0.233258 0.259309
0.083335 0.517335
0.125735 0.092890
0.636541 0.812122
0.615127 0.615221
0.573193 0.700802
0.671103 0.577304
0.123520 0.628962
0.571078 0.522223
0.292489 0.206712
0.517673 0.497937
0.143567 0.627018
0.187056 0.581977
0.811605 0.186973
0.603716 0.327706
0.461183 0.455735
0.386602 0.930252
0.196780 0.086972
0.592269 0.379983
0.752466 0.008987
0.092535 0.122342
0.641285 0.742317
0.667367 0.775101
0.328360 0.892448
0.768089 0.267567
0.906726 0.444374
0.211689 0.361008
0.701232 0.346102
0.903917 0.885510
0.203369 0.009786
0.057015 0.185758
0.748675 0.782045
0.267357 0.206655
0.388403 0.139103
0.248909 0.369461
0.478447 0.347745
0.980375 0.890080
0.611028 0.599703
0.517020 0.473376
0.648455 0.174903
0.742590 0.380854
0.783307 0.018141
0.892430 0.713782
0.745678 0.224082
0.765782 0.379804
0.505648 0.317092
0.163433 0.618304
0.077955 0.885257
0.236296 0.148303
0.325862 0.082047
0.111158 0.972326
0.982523 0.744439
0.371748 0.620734
0.460669 0.392906
0.716455 0.153170
0.405233 0.176535
0.388425 0.547294
0.358586 0.905640
0.779428 0.199687
0.354323 0.674592
0.945815 0.139781
0.733082 0.219166
0.643042 0.214910
0.982687 0.075595
0.884639 0.943034
0.944919 0.812593
0.962195 0.949439
0.302518 0.092958
0.324812 0.904673
0.862580 0.088005
0.709670 0.663207
0.786246 0.815876
0.439742 0.865803
0.579695 0.303924
0.860375 0.613276
0.357672 0.085693
0.473355 0.945326
0.618364 0.434619
0.445259 0.765339
0.527212 0.909442
0.816269 0.540533
0.497286 0.240409
0.916345 0.576559
0.675142 0.320702
0.207517 0.916618
0.793610 0.084126
0.014246 0.947426
0.736769 0.347949
0.378222 0.607782
0.077391 0.278884
0.579601 0.690270
0.793416 0.000542
0.703641 0.102571
0.347588 0.002322
0.999822 0.112092
0.323142 0.432503
0.679969 0.536118
0.848483 0.062463
0.232564 0.559376
0.115095 0.694249
0.292323 0.361934
0.395439 0.050359
0.597320 0.022526
0.101407 0.732434
0.590302 0.225911
0.588914 0.664664
0.776553 0.147593
0.610538 0.548054
0.037539 0.515185
0.545607 0.243312
0.717763 0.252950
0.795969 0.672971
0.451642 0.304529
0.025680 0.787432
0.377907 0.198559
0.244164 0.375017
0.600935 0.672919
0.084928 0.012669
0.501565 0.205501
0.015688 0.251827
0.774407 0.612939
0.630832 0.213077
0.874268 0.973415
0.623408 0.123564
0.891270 0.005666
0.511377 0.972712
0.742390 0.693508
0.701664 0.384688
0.966537 0.383718
0.015557 0.010115
0.341012 0.804789
0.370331 0.224927
0.999022 0.455092
0.914469 0.690814
0.721165 0.591183
0.547674 0.379608
0.598172 0.610469
0.421899 0.993016
0.317851 0.967188
0.715892 0.319496
0.916137 0.886627
0.703314 0.961640
0.950257 0.049717
0.893276 0.040312
0.701482 0.108639
0.812153 0.935854
0.195572 0.363798
0.816870 0.862070
0.540949 0.183483
0.182337 0.085254
0.327793 0.779778
0.589555 0.898403
0.605669 0.767751
0.055901 0.039870
0.262952 0.529686
0.295448 0.106023
0.468247 0.782087
0.474643 0.649128
0.202149 0.900421
0.337537 0.074480
0.807104 0.495034
0.714716 0.154939
0.913813 0.451412
0.501448 0.966369
0.064501 0.148921
0.293046 0.314068
0.846586 0.854404
0.999254 0.268152
0.374638 0.350469
0.924511 0.254938
0.514242 0.703045
0.997229 0.261734
0.328244 0.698759
0.058751 0.104032
0.844049 0.889901
0.381463 0.376971
0.390058 0.373227
0.875555 0.667030
0.429969 0.398586
0.765231 0.835242
0.035610 0.654325
0.867694 0.699867
0.882120 0.608636
0.992029 0.244265
0.923707 0.599530
0.390138 0.554843
0.713891 0.460800
0.638186 0.054295
0.671031 0.347339
0.804537 0.236947
0.458123 0.080408
0.268954 0.035873
0.045254 0.771907
0.097894 0.155566
0.953763 0.706447
0.451980 0.189270
0.643082 0.460990
0.104319 0.106712
0.994392 0.024037
0.782074 0.745795
0.369624 0.239856
0.708782 0.270944
0.780040 0.247928
0.421170 0.171115
0.285497 0.713795
0.661765 0.262124
0.863691 0.554704
0.907398 0.330743
0.638083 0.551921
0.883721 0.512181
0.533878 0.711329
0.237158 0.227857
0.143324 0.484880
0.388248 0.527021
0.824791 0.997704
0.474119 0.973598
0.834480 0.239166
0.202882 0.798752
0.595285 0.770881
0.389028 0.900010
0.044247 0.880658
0.916414 0.409380
0.368205 0.268603
0.884268 0.975775
0.336644 0.290063
0.731640 0.611118
0.871437 0.499815
0.207028 0.934896
0.455067 0.742915
0.152452 0.918488
0.472077 0.319803
0.205033 0.778494
0.602938 0.816776
0.684171 0.497347
0.945145 0.037631
0.128714 0.559866
0.623325 0.098307
0.176032 0.886014
0.268229 0.153510
0.733729 0.612959
0.893969 0.412862
0.684723 0.333643
0.383479 0.073774
0.687754 0.634432
0.004098 0.549257
0.987893 0.290996
0.118359 0.901110
0.535427 0.279438
0.529457 0.702375
0.126524 0.838784
0.706547 0.647706
0.725380 0.181304
0.471941 0.106262
0.605086 0.088723
0.600408 0.468956
0.453237 0.555253
0.180253 0.580371
0.128362 0.842459
0.516435 0.765401
0.324505 0.796329
0.817984 0.961606
0.003878 0.043532
0.905068 0.250549
0.091252 0.731678
0.695522 0.644826
0.588812 0.807516
0.286297 0.332229
0.966487 0.437344
0.032198 0.704473
0.410311 0.065510
0.142454 0.405141
0.270141 0.779738
0.965076 0.319957
0.838120 0.106119
0.309605 0.902258
0.410557 0.091930
0.870797 0.477481
0.438413 0.551098
0.058936 0.202731
0.455404 0.644922
0.316868 0.170949
0.387751 0.549802
0.309556 0.743958
0.795901 0.824070
0.208819 0.574606
0.576069 0.227605
0.664115 0.935473
0.658282 0.170790
0.949634 0.910088
0.277583 0.673441
0.208633 0.722310
0.466392 0.699722
0.677843 0.980518
0.518549 0.001628
0.267971 0.895493
0.309322 0.151501
0.900706 0.594308
0.520760 0.273123
0.558322 0.497324
0.017994 0.091291
0.088876 0.351332
0.849691 0.311376
0.428154 0.919105
0.604600 0.013237
0.048962 0.514126
0.146209 0.697925
0.128987 0.538964
0.068801 0.861005
0.140388 0.936751
0.570738 0.482902
0.307437 0.997439
0.824595 0.624536
0.652952 0.274006
0.338802 0.395598
0.159902 0.458473
0.251751 0.923207
0.911509 0.943622
0.976836 0.590242
0.941326 0.453475
0.125729 0.735530
0.924163 0.564110
0.177184 0.212160
0.769433 0.156112
0.929984 0.685547
0.640382 0.840904
0.381183 0.319458
0.915826 0.185478
0.304556 0.546095
0.135452 0.123470
0.469247 0.945393
0.025388 0.285301
0.134865 0.869076
0.287663 0.106030
0.186840 0.336589
0.955357 0.476845
0.034606 0.902900
0.764632 0.394553
0.185271 0.652246
0.175510 0.533165
0.226655 0.207257
0.385190 0.912683
0.806190 0.659508
0.920838 0.872359
0.075892 0.625366
0.173210 0.369242
0.988714 0.210142
0.538137 0.217494
0.777845 0.523872
0.669803 0.259981
0.928066 0.533683
0.717915 0.620842
0.957066 0.460529
0.320287 0.126222
0.364660 0.632201
0.553012 0.700097
0.179140 0.689843
0.002317 0.043060
0.632519 0.311850
0.615355 0.184219
0.630238 0.166814
0.011611 0.559767
0.845928 0.636354
0.492247 0.116571
0.468110 0.958953
0.071653 0.565068
0.853257 0.837584
0.473590 0.312992
0.598445 0.226709
0.183789 0.799936
0.836825 0.968380
0.331457 0.922478
0.880481 0.182479
0.384130 0.990566
0.687734 0.832784
0.383420 0.188113
0.015783 0.688350
0.723652 0.824181
0.534572 0.978833
0.281031 0.755918
0.624098 0.402726
0.037910 0.240333
0.054891 0.789061
0.214872 0.129265
0.260186 0.636008
0.322776 0.760349
0.448369 0.953888
0.477573 0.116519
0.375535 0.325469
0.782593 0.827578
0.200560 0.863028
0.576212 0.369557
0.478872 0.789489
0.867165 0.381102
0.016134 0.700087
0.335494 0.360829
0.999364 0.171306
0.863981 0.135559
0.550524 0.275505
0.683122 0.396611
0.606435 0.732434
0.862084 0.289739
0.818880 0.882992
0.058764 0.514109
0.990079 0.405909
0.153987 0.636609
0.411228 0.714625
0.638023 0.360069
0.355603 0.269523
0.392048 0.297420
0.892763 0.619747
0.812813 0.398545
0.136680 0.849187
0.065705 0.552562
0.018151 0.242844
0.619557 0.045498
0.680644 0.412598
0.115975 0.491803
0.638779 0.825539
0.056596 0.577853
0.909909 0.663353
0.753637 0.456596
0.431831 0.207864
0.482233 0.914704
0.213434 0.495676
0.797486 0.497083
0.830118 0.813976
0.534810 0.618296
0.072141 0.719900
0.099077 0.316473
0.781551 0.657456
0.266218 0.712453
0.172176 0.918880
0.870365 0.425438
0.217176 0.651364
0.430267 0.166111
0.009941 0.845477
0.980643 0.479190
0.356674 0.758193
0.117291 0.139597
0.242782 0.021273
0.539180 0.019886
0.230222 0.764889
0.176428 0.341334
0.289262 0.446680
0.329979 0.097034
0.045641 0.718085
0.116952 0.092603
0.932903 0.582593
0.915050 0.488538
0.279719 0.304710
0.430086 0.948038
0.933315 0.013742
0.472602 0.495046
0.622624 0.713128
0.522687 0.969498
0.898623 0.453904
0.686576 0.530265
0.154310 0.759960
0.704212 0.000976
0.923082 0.003131
0.253907 0.979885
0.381829 0.317752
0.918387 0.542208
0.743806 0.817144
0.825929 0.051775
0.016445 0.328641
0.160952 0.068625
0.420496 0.599058
0.450336 0.590109
0.619465 0.939175
0.774929 0.895314
0.792097 0.573587
0.830088 0.076081
0.495683 0.541442
0.064783 0.932643
0.214267 0.853887
0.965692 0.287851
0.463361 0.755671
0.920907 0.931205
0.331582 0.361202
0.997239 0.342395
0.379633 0.639451
0.395825 0.063732
0.888374 0.707451
0.312620 0.091907
0.550247 0.658736
0.423523 0.941647
0.832106 0.700930
0.238327 0.097410
0.402561 0.205778
0.123311 0.413900
0.213206 0.385278
0.879233 0.652232
0.050679 0.699164
0.379632 0.745748
0.635242 0.771858
0.923770 0.578003
0.631653 0.551085
0.639208 0.025136
0.259366 0.675721
0.480906 0.765836
0.541638 0.537029
0.116946 0.894335
0.616920 0.315300
0.265324 0.685334
0.950930 0.353017
0.851998 0.954491
0.734121 0.585994
0.697219 0.334093
0.226767 0.395573
0.305391 0.440741
0.322713 0.167793
0.733104 0.350355
0.142822 0.049549
0.440619 0.015561
0.040519 0.877113
0.494053 0.261452
0.004278 0.018999
0.478624 0.777987
0.075774 0.922984
0.007763 0.090728
0.067399 0.486226
0.768552 0.836381
0.559159 0.977749
0.630857 0.795555
0.882506 0.134175
0.465702 0.042383
0.557438 0.222440
0.967830 0.259143
0.439253 0.317324
0.958073 0.733722
0.652611 0.776978
0.353050 0.808761
0.243125 0.916235
0.232909 0.583526
0.360472 0.175352
0.212200 0.483050
0.702046 0.660905
0.624659 0.903796
0.892502 0.795945
0.869599 0.521078
0.452021 0.958097
0.635744 0.000706
0.014983 0.407149
0.617780 0.795788
0.500705 0.507784
0.771551 0.429365
0.009251 0.238434
0.115743 0.164502
0.317813 0.243879
0.581055 0.245724
0.986987 0.237023
0.432295 0.959131
0.251275 0.384401
0.344469 0.603260
0.064463 0.420336
0.300871 0.088756
0.898040 0.626228
0.099339 0.292110
0.149631 0.484350
0.402248 0.477228
0.308436 0.769603
0.946486 0.068303
0.345982 0.078035
0.741565 0.808444
0.152999 0.307546
0.827194 0.870748
0.227066 0.404028
0.436037 0.801962
0.230664 0.765322
0.213063 0.273635
0.485591 0.055691
0.479793 0.491604
0.947239 0.825134
0.399925 0.771908
0.710990 0.250716
0.302224 0.229705
0.643057 0.521175
0.347230 0.747455
0.299382 0.871433
0.186259 0.389670
0.898716 0.040232
0.254313 0.213690
0.749828 0.971976
0.862969 0.989484
0.197816 0.912953
0.314935 0.686160
0.850770 0.662460
0.848911 0.708844
0.575597 0.630973
0.341532 0.776861
0.510590 0.530331
0.342612 0.022556
0.132379 0.975029
0.200539 0.359890
0.236169 0.009043
0.746605 0.422867
0.540726 0.589235
0.250231 0.406113
0.513366 0.354216
0.131417 0.953379
0.925215 0.586666
0.222470 0.834488
0.593322 0.137437
0.207923 0.527201
0.743744 0.221408
0.239762 0.977717
0.438489 0.417850
0.624466 0.752002
0.549269 0.912235
0.909041 0.509858
0.832294 0.001703
0.655149 0.234616
0.760868 0.153062
0.683576 0.933587
0.906350 0.450001
0.595715 0.587854
0.823071 0.095336
0.934413 0.974731
0.589108 0.744425
0.433403 0.612185
0.382319 0.837521
0.422763 0.481753
0.729870 0.771666
0.607207 0.374938
0.359496 0.706827
0.114721 0.677837
0.902052 0.036345
0.924927 0.159681
0.047415 0.068348
0.529759 0.863231
0.139628 0.262654
0.953433 0.508436
0.612179 0.446759
0.064355 0.915491
0.110631 0.794897
0.448531 0.829385
0.627315 0.995729
0.982204 0.185311
0.481645 0.957073
0.640858 0.292719
0.519590 0.600214
0.012394 0.635568
0.477179 0.781653
0.444193 0.987296
0.055420 0.146769
0.746955 0.321245
0.887827 0.767729
0.902600 0.560758
0.246765 0.747058
0.279202 0.557904
0.031133 0.578665
0.442816 0.815754
0.305433 0.949694
0.774257 0.376340
0.419058 0.839427
0.748265 0.984951
0.524688 0.225590
0.913177 0.111092
0.135953 0.443730
0.321143 0.657458
0.217070 0.261954
0.402074 0.220460
0.180956 0.031178
0.048937 0.579347
0.087338 0.850104
0.987656 0.685682
0.278704 0.544540
0.341824 0.800902
0.669434 0.402241
0.670569 0.586932
0.912282 0.027316
0.657327 0.893281
0.706385 0.382354
0.057975 0.703795
0.582297 0.071761
0.478646 0.207211
0.602039 0.186402
0.046744 0.237865
0.546005 0.577515
0.063076 0.396415
0.323546 0.256928
0.278689 0.005142
0.540378 0.730997
0.526908 0.678383
0.383492 0.467270
0.059238 0.695863
0.243025 0.365720
0.083218 0.555184
0.780592 0.060522
0.680948 0.049442
0.474881 0.113678
0.498966 0.966940
0.027836 0.678393
0.343280 0.042157
0.398550 0.007977
0.087792 0.100648
0.647021 0.265132
0.110023 0.435256
0.216234 0.446841
0.804927 0.326984
0.758542 0.881672
0.595794 0.281132
0.121131 0.679175
0.260620 0.987754
0.645379 0.715139
0.322996 0.235219
0.506222 0.221824
0.718494 0.006657
0.420161 0.818905
0.940667 0.771272
0.684351 0.868691
0.395229 0.545996
0.174237 0.368309
0.746602 0.647684
0.623503 0.201868
0.627980 0.182013
0.237634 0.467239
0.204171 0.222499
0.451177 0.764941
0.725943 0.321492
0.428832 0.790697
0.395229 0.464769
0.731786 0.308617
0.572467 0.832290
0.423253 0.598526
0.600535 0.759928
0.770957 0.768838
0.294122 0.110458
0.619357 0.905452
0.449072 0.856814
0.450663 0.887532
0.563129 0.056592
0.131283 0.842584
0.327686 0.554024
0.349082 0.636159
0.349558 0.684094
0.786906 0.495543
0.992447 0.973235
0.149092 0.852210
0.189703 0.331975
0.260241 0.754370
0.573133 0.517163
0.589304 0.748814
0.287031 0.704874
0.717086 0.960370
0.412256 0.859801
0.461546 0.207606
0.012125 0.212942
0.602824 0.385050
0.430016 0.566608
0.408703 0.015023
0.618017 0.334243
0.451271 0.826301
0.956614 0.192296
0.526810 0.452164
0.237319 0.972341
0.843500 0.856988
0.223308 0.953876
0.025319 0.898398
0.477560 0.031717
0.895524 0.511101
0.953630 0.326608
0.449437 0.358851
0.181137 0.683673
0.903758 0.442626
0.746173 0.160530
0.218436 0.075937
0.166286 0.045395
0.027167 0.842279
0.190340 0.165208
0.483863 0.635103
0.015466 0.244803
0.135000 0.647285
0.906481 0.860362
0.561522 0.224915
0.227589 0.093874
0.199014 0.829329
0.951803 0.340043
0.441174 0.961673
0.300477 0.843076
0.859109 0.795861
0.283480 0.447989
0.127824 0.438686
0.559964 0.739570
0.041256 0.189889
0.220350 0.211839
0.818531 0.910383
0.802048 0.361847
0.756655 0.623434
0.094623 0.633855
0.168625 0.771397
0.064498 0.953444
0.460999 0.129795
0.534989 0.185799
0.151253 0.240792
0.094326 0.228407
0.602772 0.369778
0.072550 0.605638
0.264150 0.411594
0.327519 0.371140
0.239471 0.877054
0.010966 0.843716
0.087551 0.075757
0.447455 0.203322
0.850679 0.877786
0.752232 0.256064
0.447136 0.984751
0.838396 0.740521
0.726868 0.469710
0.019486 0.392491
0.685928 0.455908
0.500461 0.611179
0.562866 0.195790
0.668261 0.977127
0.799047 0.484690
0.242505 0.060619
0.134871 0.297629
0.027582 0.929056
0.435220 0.773032
0.219286 0.512731
0.189934 0.183792
0.962310 0.520715
0.018959 0.333921
0.129342 0.911986
0.926811 0.898176
0.098152 0.021700
0.497312 0.582358
0.639984 0.318454
0.697087 0.623608
0.900734 0.425642
0.465091 0.072874
0.855797 0.478452
0.805490 0.505812
0.550141 0.107808
0.672493 0.293744
0.897074 0.343512
0.538285 0.332907
0.802340 0.511087
0.168997 0.178053
0.904580 0.760294
0.798668 0.855590
0.278884 0.208005
0.587479 0.241785
0.037045 0.804124
0.978055 0.783163
0.876306 0.936441
0.322411 0.509080
0.277810 0.478802
0.942189 0.740557
0.236609 0.456696
0.606087 0.634812
0.117018 0.755337
0.260949 0.721512
0.470259 0.327555
0.736753 0.884658
0.425756 0.172264
0.060784 0.823066
0.573089 0.949029
0.962566 0.882803
0.088569 0.470209
0.128670 0.296515
0.228510 0.469399
0.775285 0.287437
0.210732 0.983343
0.146509 0.199991
0.936455 0.404250
0.617585 0.804207
0.966703 0.760395
0.184846 0.187826
0.660441 0.065125
0.257929 0.197778
0.406153 0.637870
0.834857 0.221847
0.434166 0.145473
0.336875 0.211658
0.783985 0.738140
0.607463 0.239768
0.619052 0.061539
0.838741 0.556438
0.230745 0.115044
0.478518 0.065824
0.754128 0.895852
0.492532 0.376616
0.829832 0.519681
0.708954 0.098816
0.189666 0.040975
0.356033 0.856148
0.417913 0.509028
0.318794 0.562716
0.945980 0.891159
0.086972 0.872893
0.674952 0.370050
0.843945 0.354985
0.488784 0.179578
0.655164 0.862102
0.320258 0.581963
0.254672 0.777767
0.362528 0.808773
0.499542 0.299105
0.480951 0.789289
0.164656 0.687119
0.873103 0.271993
0.383976 0.461359
0.549264 0.508383
0.709556 0.845415
0.261339 0.013066
0.455792 0.380013
0.095084 0.040065
0.723960 0.512100
0.058684 0.322462
0.260893 0.141137
0.650127 0.311033
0.095654 0.557945
0.566489 0.617209
0.719396 0.946784
0.430173 0.616697
0.426096 0.637948
0.650283 0.202320
0.315674 0.596027
0.311748 0.488102
0.376016 0.208054
0.290470 0.861370
0.006737 0.296148
0.629675 0.155588
0.325039 0.420837
0.580831 0.873907
0.602823 0.964105
0.611884 0.331853
0.224237 0.185310
0.116251 0.307327
0.624143 0.428469
0.517907 0.287059
0.770527 0.926011
0.961076 0.680882
0.887653 0.191953
0.797447 0.438663
0.281807 0.826529
0.639497 0.349483
0.327781 0.664716
0.835431 0.928595
0.901746 0.592616
0.839381 0.204939
0.805008 0.028585
0.099966 0.910474
0.013128 0.020054
0.770941 0.542295
0.906206 0.142348
0.759587 0.519492
0.988665 0.902424
0.371670 0.188936
0.990645 0.148285
0.086207 0.747640
0.658175 0.063936
0.798917 0.244094
0.985570 0.690092
0.210192 0.696917
0.121035 0.552475
0.901545 0.026428
0.685262 0.902340
0.043939 0.933191
0.782824 0.278027
0.612045 0.077328
0.557480 0.581645
0.440390 0.913365
0.745040 0.631623
0.450543 0.317604
0.311195 0.199690
0.902870 0.708496
0.926829 0.869980
0.582076 0.705203
0.729523 0.668266
0.412660 0.495533
0.547600 0.300980
0.118565 0.991633
0.521761 0.016478
0.190725 0.540333
0.849459 0.555148
0.606887 0.424727
0.198435 0.390284
0.459975 0.644591
0.188345 0.478281
0.894445 0.495416
0.223261 0.034510
0.524494 0.279370
0.872793 0.430396
0.813644 0.076168
0.945935 0.167510
0.732126 0.877861
0.379225 0.026139
0.376690 0.548740
0.069642 0.908618
0.136827 0.010047
0.822663 0.601819
0.422105 0.768912
0.657214 0.668552
0.927197 0.411911
0.811792 0.944221
0.904368 0.965846
0.929812 0.662930
0.937587 0.091867
0.067262 0.066359
0.268095 0.923735
0.362076 0.459042
0.808195 0.987042
0.432135 0.065317
0.598154 0.043397
0.827610 0.716051
0.610560 0.892092
0.153404 0.347340
0.487127 0.131469
0.798740 0.528763
0.004842 0.633190
0.563462 0.755329
0.811531 0.014853
0.854435 0.035141
0.245325 0.709847
0.540444 0.383898
0.858183 0.328085
0.000296 0.197690
0.600516 0.877232
0.376351 0.117151
0.492150 0.071257
0.554532 0.918908
0.004273 0.391627
0.931848 0.174324
0.307651 0.786180
0.603816 0.900925
0.004352 0.891698
0.206652 0.198469
0.953348 0.448419
0.282932 0.909504
0.324787 0.138214
0.704423 0.673312
0.073417 0.422867
0.382124 0.352555
0.608503 0.084890
0.221041 0.703461
0.555811 0.080516
0.036046 0.333323
0.156578 0.002998
0.935205 0.443110
0.029115 0.924073
0.498222 0.588399
0.730549 0.632406
0.930235 0.708399
0.799410 0.320088
0.254924 0.970715
0.734176 0.581704
0.526000 0.558583
0.668535 0.185242
0.982371 0.387677
0.341068 0.450070
0.049866 0.881168
0.325180 0.224451
0.101159 0.354595
0.384576 0.393529
0.925583 0.266176
0.250181 0.568450
0.931825 0.573569
0.076362 0.108271
0.209004 0.704681
0.327460 0.908506
0.705454 0.197969
0.870046 0.453677
0.949552 0.896789
0.601989 0.475918
0.933230 0.692697
0.036341 0.187705
0.006340 0.204205
0.876192 0.463962
0.888846 0.450355
0.766083 0.537310
0.197840 0.532554
0.086204 0.739936
0.207671 0.573500
0.867557 0.576527
0.914027 0.678596
0.649370 0.944960
0.856584 0.483122
0.374531 0.634900
0.569881 0.927520
0.224411 0.329192
0.978380 0.263522
0.631402 0.208902
0.529175 0.935433
0.575651 0.920107
0.364659 0.903726
0.671857 0.098988
0.377435 0.182244
0.482717 0.871509
0.561095 0.845607
0.957460 0.744972
0.673000 0.530063
0.887117 0.090915
0.859000 0.498858
0.792572 0.982346
0.555065 0.672291
0.717098 0.492986
0.677084 0.632991
0.982007 0.692223
0.837635 0.508553
0.082200 0.476645
0.087319 0.806493
0.547825 0.067553
0.468277 0.730631
0.778899 0.473546
0.488816 0.243316
0.571684 0.468259
0.480594 0.154545
0.298758 0.665557
0.683614 0.816851
0.479139 0.087971
0.819310 0.583956
0.780485 0.218891
0.858295 0.051535
0.332309 0.904984
0.666889 0.240022
0.597306 0.632570
0.225327 0.302260
0.947310 0.640129
0.150582 0.042892
0.521058 0.048859
0.328044 0.521731
0.902858 0.694186
0.558811 0.279971
0.654410 0.623327
0.263163 0.275929
0.756461 0.287513
0.445801 0.446123
0.572621 0.302199
0.324753 0.917843
0.034592 0.274536
0.253360 0.290966
0.366231 0.604658
0.823558 0.079621
0.813255 0.355764
0.328719 0.358418
0.526104 0.257735
0.085577 0.893295
0.955351 0.659982
0.467334 0.553644
0.862225 0.781465
0.883812 0.600240
0.321254 0.919278
0.359555 0.522567
0.897646 0.371950
0.807091 0.459529
0.518993 0.709559
0.570076 0.879096
0.429009 0.679997
0.319867 0.115319
0.010452 0.479217
0.929065 0.565223
0.195029 0.332972
0.516905 0.833454
0.639999 0.338597
0.463877 0.879158
0.844366 0.297545
0.826755 0.267415
0.901944 0.832925
0.250272 0.956645
0.644271 0.430965
0.167932 0.663790
0.513229 0.171346
0.812027 0.740617
0.621425 0.818533
0.311689 0.667412
0.107768 0.634747
0.947855 0.724358
0.076377 0.744925
0.455312 0.136324
0.118833 0.134993
0.114538 0.003312
0.662983 0.397019
0.259819 0.626729
0.165894 0.148260
0.745186 0.420708
0.474247 0.645887
0.855995 0.458075
0.512325 0.495099
0.131509 0.842150
0.825990 0.505605
0.572641 0.518436
0.410372 0.689904
0.749035 0.844330
0.679730 0.116536
0.390976 0.220354
0.399804 0.832431
0.154153 0.353023
0.896191 0.350749
0.379063 0.267272
0.876635 0.264025
0.831917 0.015518
0.760849 0.387221
0.610193 0.140747
0.498340 0.461212
0.623482 0.342637
0.472918 0.854486
0.319124 0.468573
0.241960 0.889318
0.612111 0.905509
0.539174 0.388381
0.300072 0.683988
0.181510 0.788762
0.596643 0.122241
0.264046 0.702553
0.800377 0.636107
0.301086 0.116683
0.531322 0.419660
0.777351 0.519372
0.413737 0.061749
0.910093 0.116562
0.560917 0.805264
0.291102 0.958922
0.726921 0.078810
0.476984 0.238484
0.530006 0.134548
0.526787 0.233705
0.723871 0.111332
0.947923 0.382712
0.095367 0.608862
0.504524 0.746739
0.201091 0.906435
0.866786 0.689212
0.820348 0.288958
0.135498 0.940685
0.698236 0.553265
0.862891 0.345800
0.880149 0.659368
0.309090 0.495670
0.697805 0.664104
0.322874 0.137557
0.256903 0.528794
0.416104 0.723461
0.097845 0.127814
0.313114 0.710177
0.553475 0.801644
0.499491 0.255648
0.211569 0.095763
0.069117 0.769889
0.804881 0.905885
0.473988 0.373482
0.797799 0.110386
0.618252 0.692637
0.916232 0.912353
0.106065 0.577037
0.876135 0.536549
0.352271 0.265138
0.606104 0.630702
0.695603 0.241352
0.330767 0.705854
0.615984 0.530507
0.984259 0.217119
0.650687 0.457191
0.556817 0.434061
0.628532 0.961085
0.142601 0.078982
0.396945 0.404103
0.653137 0.821774
0.303638 0.431136
0.388284 0.111608
0.312817 0.853423
0.915461 0.498537
0.785248 0.712061
0.997879 0.552252
0.632175 0.648865
0.633812 0.720522
0.764983 0.462798
0.621505 0.986507
0.505698 0.262386
0.448078 0.981936
0.897783 0.938048
0.715831 0.292269
0.662399 0.772946
0.765665 0.050325
0.882173 0.886997
0.634844 0.556415
0.362721 0.865852
0.995123 0.585926
0.021541 0.365186
0.257316 0.249359
0.584605 0.700317
0.599658 0.755207
0.332845 0.432180
0.279843 0.192633
0.633934 0.742902
0.224439 0.498784
0.519145 0.957695
0.554387 0.104662
0.620758 0.914503
0.401602 0.363835
0.372379 0.008852
0.099222 0.759868
0.492716 0.648520
0.586854 0.061196
0.422772 0.541188
0.662176 0.046289
0.567047 0.707886
0.531590 0.157278
0.901308 0.366105
0.965098 0.456838
0.752605 0.858595
0.244431 0.560965
0.331644 0.617403
0.008437 0.799381
0.903290 0.747402
0.046073 0.715662
0.317893 0.189547
0.064849 0.160784
0.994280 0.581328
0.471381 0.656625
0.344676 0.870340
0.240742 0.410075
0.062498 0.456657
0.022601 0.343747
0.655844 0.140639
0.734646 0.775893
0.102700 0.435046
0.027627 0.929961
0.528282 0.863795
0.171342 0.283373
0.360594 0.714442
0.107212 0.875392
0.507203 0.337439
0.640631 0.085618
0.714404 0.492423
0.005028 0.067440
0.419331 0.430310
0.319670 0.974926
0.086280 0.369657
0.784490 0.356939
0.230384 0.776749
0.807760 0.608915
0.074959 0.391103
0.646251 0.170541
0.063266 0.251528
0.552515 0.236716
0.251079 0.072638
0.870262 0.109500
0.943367 0.197676
0.996298 0.960377
0.806572 0.010737
0.636315 0.694993
0.087379 0.129947
0.321843 0.816647
0.499512 0.922896
0.726969 0.670149
0.802046 0.886591
0.925967 0.214281
0.085853 0.216418
0.366772 0.518926
0.309234 0.452088
0.000273 0.512042
0.679445 0.433255
0.701677 0.112018
0.063742 0.923495
0.847757 0.772536
0.731737 0.168528
0.672562 0.639917
0.380258 0.343067
0.814220 0.977049
0.572587 0.310405
0.286760 0.243309
0.435860 0.369801
0.963392 0.236540
0.703561 0.698987
0.541510 0.000953
0.964479 0.012572
0.874682 0.783946
0.285150 0.551850
0.503224 0.185197
0.209714 0.897505
0.192446 0.782947
0.509297 0.253914
0.296489 0.945292
0.952425 0.792246
0.805691 0.238364
0.798652 0.359276
0.006700 0.828654
0.679497 0.359783
0.787120 0.543330
0.023944 0.902687
0.750235 0.800237
0.210178 0.364481
0.470415 0.448402
0.180894 0.368310
0.416084 0.670170
0.346418 0.802978
0.294679 0.487760
0.218070 0.913417
0.832819 0.089811
0.363585 0.682609
0.294924 0.147660
0.957080 0.694699
0.364839 0.526384
0.407990 0.420001
0.367537 0.312287
0.296522 0.394820
0.191773 0.876340
0.117620 0.082509
0.689601 0.772174
0.141096 0.296889
0.774953 0.627618
0.032472 0.945138
0.921005 0.830330
0.747274 0.504502
0.264877 0.730943
0.610914 0.085615
0.068221 0.291254
0.426950 0.155006
0.853547 0.590326
0.918469 0.990263
0.138689 0.367967
0.800453 0.723646
0.325600 0.832928
0.305427 0.393331
0.964677 0.292235
0.040363 0.766251
0.312146 0.768434
0.639695 0.822451
0.825554 0.663138
0.797501 0.698110
0.001195 0.698096
0.911290 0.572852
0.747367 0.819128
0.750521 0.456701
0.308607 0.483603
0.274881 0.083012
0.608631 0.768752
0.970508 0.145926
0.763452 0.035943
0.846788 0.934393
0.431237 0.465179
0.541977 0.009508
0.611696 0.634386
0.822844 0.947913
0.485392 0.459698
0.131693 0.331207
0.892111 0.235781
0.733516 0.099821
0.087481 0.219338
0.446713 0.109511
0.488327 0.184295
0.902717 0.229619
0.219776 0.643768
0.773046 0.604461
0.410921 0.981758
0.426679 0.762698
0.350890 0.566631
0.036361 0.104256
0.813456 0.028780
0.239329 0.920338
0.085871 0.276477
0.076122 0.509312
0.496370 0.496780
0.080550 0.139727
0.524869 0.342436
0.074576 0.581415
0.902632 0.741102
0.433743 0.676666
0.459253 0.279800
0.331993 0.955627
0.859058 0.915350
0.749093 0.613601
0.784103 0.840669
0.829564 0.262617
0.567202 0.697127
0.518950 0.745649
0.755981 0.964806
0.271362 0.959046
0.597730 0.285305
0.021727 0.067268
0.974877 0.675876
0.546774 0.713687
0.892173 0.079011
0.800722 0.832239
0.219250 0.458204
0.804819 0.446921
0.025974 0.698460
0.194265 0.409592
0.513060 0.899230
0.581735 0.371279
0.236733 0.257805
0.483616 0.408167
0.053700 0.632794
0.673269 0.630664
0.971558 0.050163
0.474990 0.792426
0.879739 0.868433
0.693058 0.385935
0.957423 0.054958
0.582142 0.962215
0.407375 0.041822
0.508510 0.444494
0.048443 0.927754
0.725902 0.019090
0.214510 0.371530
0.995595 0.781531
0.353973 0.382726
0.617077 0.691899
0.701349 0.357244
0.803958 0.550597
0.401435 0.127924
0.239114 0.644253
0.506431 0.504618
0.073744 0.431142
0.337783 0.763492
0.596944 0.136553
0.807000 0.811895
0.295550 0.410691
0.423504 0.302992
0.048405 0.265226
0.882620 0.803475
0.754921 0.349306
0.323073 0.227993
0.784646 0.251827
0.570941 0.145565
0.252776 0.923992
0.945756 0.236080
0.275932 0.504660
0.494521 0.129086
0.043185 0.800701
0.840679 0.092442
0.749248 0.425582
0.187614 0.554979
0.179895 0.131594
0.400060 0.245192
0.014097 0.184641
0.501822 0.807077
0.713017 0.725219
0.374512 0.114573
0.202928 0.935199
0.919532 0.147687
0.427281 0.487249
0.454333 0.216211
0.242566 0.192208
0.654024 0.521056
0.063256 0.979456
0.920669 0.528577
0.123075 0.346289
0.665179 0.399857
0.212949 0.194557
0.620481 0.764790
0.280451 0.536265
0.969673 0.459865
0.331194 0.894603
0.769200 0.458954
0.659547 0.352815
0.874574 0.117975
0.554219 0.110560
0.334995 0.027153
0.273646 0.095899
0.013248 0.218724
0.266823 0.650742
0.008539 0.213271
0.327083 0.558611
0.312477 0.404454
0.609544 0.715746
0.012205 0.579806
0.217316 0.560113
0.269699 0.954302
0.367243 0.967553
0.252577 0.953815
0.982872 0.700318
0.169267 0.127144
0.930498 0.650451
0.570190 0.988153
0.013545 0.058958
0.116650 0.293674
0.271222 0.611423
0.090408 0.248170
0.089283 0.811719
0.019464 0.392753
0.123911 0.317679
0.929342 0.484011
0.064143 0.986073
0.894250 0.497199
0.813916 0.218963
0.758717 0.998684
0.761742 0.829483
0.127910 0.524170
0.424168 0.052317
0.983589 0.272043
0.898600 0.512631
0.572687 0.375295
0.241739 0.936932
0.536831 0.250853
0.101774 0.140314
0.603617 0.041703
0.675660 0.356765
0.544273 0.965086
0.337210 0.292692
0.517352 0.459126
0.087398 0.378564
0.364427 0.380606
0.315195 0.569507
0.901252 0.148209
0.225395 0.702964
0.756683 0.648397
0.689338 0.859965
0.851665 0.925194
0.205080 0.396307
0.181894 0.160497
0.115466 0.310911
0.170294 0.218142
0.225759 0.400841
0.489250 0.072790
0.486853 0.215969
0.917555 0.773831
0.465789 0.170963
0.493351 0.204806
0.912194 0.298295
0.951842 0.790504
0.847439 0.033148
0.195388 0.476698
0.252708 0.109606
0.333594 0.761610
0.612852 0.117235
0.652323 0.293542
0.284804 0.518127
0.723078 0.565702
0.902503 0.956715
0.748002 0.537123
0.804688 0.508140
0.150790 0.587649
0.777573 0.105684
0.370072 0.075355
0.241351 0.763752
0.789386 0.906309
0.377630 0.370111
0.746645 0.949503
0.594303 0.759580
0.606036 0.833830
0.155041 0.501087
0.946583 0.649353
0.762500 0.330977
0.024131 0.341732
0.377500 0.447701
0.797334 0.136487
0.580841 0.946471
0.973216 0.158919
0.340102 0.517206
0.724210 0.525828
0.130657 0.155070
0.956091 0.576791
0.978343 0.040124
0.265022 0.585605
0.140585 0.931089
0.011961 0.246598
0.823482 0.387959
0.263976 0.465885
0.544256 0.889155
0.704547 0.504202
0.491640 0.441161
0.998728 0.315856
0.511172 0.592045
0.514073 0.007398
0.148068 0.855001
0.744527 0.699977
0.517207 0.424019
0.262025 0.720957
0.637979 0.721023
0.529318 0.973196
0.271119 0.752294
0.447593 0.534537
0.225344 0.471710
0.083747 0.025350
0.563492 0.349327
0.624702 0.048626
0.131074 0.126040
0.239947 0.054935
0.354502 0.298551
0.198535 0.313673
0.311983 0.223576
0.283026 0.282388
0.666927 0.856235
0.270460 0.557555
0.171935 0.044752
0.009159 0.763036
0.100792 0.992109
0.410267 0.186553
0.146599 0.965003
0.494186 0.709874
0.036071 0.581421
0.484605 0.594972
0.353193 0.040412
0.826634 0.986326
0.839842 0.471073
0.920559 0.568577
0.746650 0.172509
0.309057 0.679146
0.644300 0.892509
0.033232 0.317000
0.473587 0.449896
0.881604 0.911611
0.512042 0.943988
0.296276 0.420260
0.365503 0.514341
0.771724 0.307169
0.055027 0.114914
0.684253 0.224576
0.762602 0.049012
0.623914 0.763693
0.823616 0.074881
0.465738 0.472605
0.109648 0.736489
0.613413 0.448504
0.032092 0.200077
0.076083 0.203278
0.015264 0.284225
0.297747 0.174302
0.437086 0.559711
0.948727 0.206384
0.716073 0.365109
0.210042 0.566192
0.435292 0.335121
0.433977 0.567056
0.137095 0.570780
0.447998 0.679925
0.696889 0.894216
0.184155 0.085322
0.989799 0.725355
0.762433 0.981540
0.901081 0.993906
0.634023 0.605869
0.599222 0.157233
0.899314 0.848547
0.390146 0.833179
0.455389 0.543185
0.401560 0.776612
0.199166 0.002811
0.808419 0.929487
0.114799 0.137229
0.303637 0.056396
0.707780 0.535297
0.042596 0.041085
0.913229 0.224783
0.345652 0.264137
0.302107 0.432826
0.029780 0.607988
0.136674 0.561653
0.358624 0.542674
0.585269 0.767003
0.249675 0.434200
0.196545 0.980867
0.557928 0.687112
0.554573 0.955468
0.967315 0.583872
0.888779 0.922020
0.264334 0.715822
0.296443 0.755642
0.542764 0.714043
0.150569 0.116943
0.193957 0.583092
0.212174 0.901093
0.374169 0.316625
0.943623 0.466830
0.008517 0.631102
0.528415 0.540714
0.290582 0.592277
0.142845 0.395990
0.067331 0.628871
0.096290 0.890846
0.460961 0.928842
0.559371 0.217380
0.572415 0.495842
0.733060 0.760506
0.135743 0.206989
0.476830 0.295076
0.548139 0.057745
0.610225 0.859888
0.787413 0.405720
0.329776 0.038832
0.346805 0.432412
0.441993 0.052273
0.466462 0.230398
0.403159 0.015891
0.621586 0.893188
0.477998 0.959526
0.439142 0.735959
0.681771 0.715200
0.958205 0.307597
0.554192 0.581319
0.423429 0.167950
0.228558 0.749182
0.606779 0.498928
0.705804 0.838247
0.989599 0.494066
0.720709 0.528235
0.005229 0.128379
0.096285 0.198987
0.941821 0.348828
0.022423 0.693092
0.035657 0.945436
0.266129 0.801661
0.747174 0.364068
0.923270 0.840221
0.205103 0.504127
0.955492 0.729555
0.328492 0.107871
0.421044 0.325408
0.192088 0.692816
0.004511 0.351352
0.787453 0.104633
0.178016 0.180676
0.450340 0.675192
0.085218 0.886038
0.874301 0.658892
0.029496 0.429715
0.811121 0.090105
0.268973 0.602631
0.270628 0.455589
0.673606 0.336955
0.275560 0.607909
0.683309 0.314897
0.001605 0.159407
0.921177 0.375456
0.438385 0.190973
0.762100 0.081199
0.544072 0.485860
0.134665 0.948767
0.234480 0.656002
0.842961 0.269652
0.446908 0.466769
0.735009 0.151899
0.949656 0.385839
0.115778 0.398714
0.530060 0.882801
0.905314 0.106591
0.687052 0.288398
0.176285 0.413403
0.978665 0.085709
0.870293 0.656004
0.730572 0.350383
0.688586 0.307262
0.898652 0.682943
0.380348 0.454006
0.496757 0.383451
0.910530 0.250258
0.150240 0.807281
0.279218 0.734210
0.016508 0.810474
0.085848 0.632744
0.525733 0.944139
0.284080 0.293916
0.138059 0.589563
0.956959 0.685666
0.588025 0.539215
0.357030 0.478113
0.892609 0.623495
0.902340 0.587155
0.736208 0.859123
0.296832 0.198695
0.714017 0.252220
0.452387 0.215657
0.314710 0.827677
0.429854 0.274060
0.453973 0.676081
0.187650 0.959780
0.832349 0.810473
0.529090 0.624226
0.384043 0.407428
0.273369 0.244985
0.607716 0.570435
0.340176 0.106645
0.625996 0.098260
0.134198 0.687295
0.407306 0.866976
0.343310 0.027852
0.701828 0.341562
0.023045 0.034182
0.892777 0.421429
0.629976 0.616115
0.144872 0.294000
0.487911 0.302768
0.943770 0.221406
0.023383 0.990237
0.363419 0.217611
0.990651 0.775519
0.172680 0.386747
0.821523 0.409676
0.198245 0.288167
0.181556 0.763573
0.197789 0.069703
0.791754 0.841124
0.865452 0.267844
0.583667 0.297865
0.491168 0.112015
0.295821 0.126714
0.226027 0.889881
0.690722 0.158205
0.867749 0.431559
0.674202 0.289007
0.573539 0.052863
0.732644 0.900461
0.931988 0.361181
0.268716 0.757913
0.381359 0.172288
0.612474 0.792008
0.048502 0.412415
0.712267 0.554704
0.700821 0.287084
0.768667 0.815598
0.653107 0.186714
0.364656 0.718283
0.151739 0.768727
0.966640 0.151802
0.970655 0.406859
0.023346 0.508842
0.696664 0.730606
0.273489 0.800196
0.456074 0.291208
0.288108 0.174100
0.640304 0.485313
0.719779 0.249420
0.525018 0.743429
0.208433 0.313243
0.545518 0.647494
0.402313 0.356299
0.390543 0.080388
0.092632 0.123744
0.007264 0.729925
0.031786 0.844152
0.072199 0.270831
0.607522 0.066216
0.475938 0.330472
0.179232 0.080467
0.893956 0.907531
0.547609 0.732443
0.571494 0.257591
0.725165 0.044089
0.037367 0.385551
0.902668 0.951762
0.579749 0.192014
0.265329 0.642078
0.966374 0.009279
0.102631 0.420934
0.072288 0.732293
0.476952 0.786388
0.790161 0.000885
0.568695 0.392679
0.841373 0.921846
0.699426 0.890538
0.880469 0.632874
0.949539 0.208016
0.591259 0.605166
0.233296 0.696421
0.309762 0.957367
0.671574 0.707572
0.077320 0.210854
0.111495 0.591396
0.926673 0.854790
0.682123 0.807019
0.634405 0.809114
0.346698 0.825852
0.135116 0.374607
0.514442 0.771778
0.285818 0.541398
0.908728 0.291362
0.693483 0.590770
0.053478 0.976176
0.874326 0.769821
0.935905 0.769609
0.100322 0.444533
0.631289 0.182184
0.906617 0.544032
0.934251 0.812235
0.382918 0.297280
0.331013 0.622903
0.052596 0.233178
0.968456 0.661760
0.355163 0.166044
0.628299 0.425965
0.490937 0.420629
0.098508 0.873738
0.661138 0.864352
0.749119 0.161982
0.542295 0.409112
0.565896 0.550303
0.170804 0.521062
0.372840 0.553221
0.281579 0.933915
0.483295 0.345256
0.544215 0.199851
0.559493 0.627651
0.070699 0.931819
0.031631 0.650859
0.030646 0.591998
0.030119 0.853517
0.203189 0.463407
0.418446 0.626482
0.819064 0.005137
0.179118 0.039604
0.102116 0.136410
0.101450 0.979268
0.506327 0.120617
0.447491 0.036338
0.762677 0.627756
0.031186 0.656968
0.499527 0.242138
0.935897 0.522892
0.380892 0.151956
0.916700 0.863098
0.418889 0.008314
0.386419 0.415443
0.359800 0.973504
0.768131 0.054586
0.817614 0.791823
0.911948 0.681737
0.134563 0.310941
0.220119 0.832053
0.785096 0.257795
0.102098 0.597130
0.507888 0.230234
0.389948 0.882890
0.249900 0.804095
0.384549 0.727243
0.437167 0.375128
0.274320 0.387291
0.048913 0.856164
0.770731 0.172404
0.464743 0.632139
0.938670 0.547387
0.079083 0.239071
0.364748 0.859021
0.232714 0.077821
0.002936 0.149650
0.098134 0.099419
0.264461 0.913052
0.773675 0.805990
0.177670 0.320715
0.990689 0.099787
0.733618 0.400717
0.518807 0.482540
0.854422 0.886777
0.566173 0.858345
0.773958 0.971624
0.214713 0.725514
0.004284 0.996725
0.204941 0.856297
0.476177 0.189447
0.190425 0.658099
0.888509 0.919163
0.919005 0.285827
0.778671 0.585326
0.665960 0.232174
0.335104 0.173473
0.643783 0.561180
0.512964 0.719139
0.043860 0.170095
0.585317 0.405088
0.827273 0.465558
0.864722 0.783807
0.375105 0.622357
0.963910 0.665112
0.633056 0.156461
0.629264 0.537778
0.440808 0.888795
0.877126 0.004468
0.323539 0.502160
0.890469 0.600863
0.141102 0.800974
0.892272 0.542699
0.639836 0.471927
0.001996 0.398561
0.132621 0.613437
0.902798 0.421612
0.244702 0.552706
0.999716 0.290045
0.905988 0.501455
0.632803 0.303896
0.544923 0.414858
0.824258 0.664957
0.744708 0.012936
0.984860 0.326880
0.459564 0.299653
0.982589 0.044169
0.256874 0.072162
0.985066 0.671592
0.950489 0.851159
0.527520 0.469673
0.421102 0.382991
0.329239 0.157257
0.381557 0.365178
0.484056 0.718739
0.338083 0.329199
0.784141 0.521419
0.022887 0.677902
0.101483 0.127526
0.129176 0.719603
0.947662 0.295817
0.266626 0.166922
0.560115 0.059267
0.673442 0.975632
0.121848 0.438182
0.370601 0.587271
0.011590 0.302221
0.124516 0.608998
0.302698 0.130114
0.796268 0.715139
0.081632 0.932510
0.398740 0.087118
0.540622 0.401190
0.457373 0.021919
0.214189 0.427037
0.075951 0.433958
0.175471 0.489461
0.445722 0.851253
0.485834 0.061605
0.404334 0.163936
0.700051 0.098496
0.050470 0.821718
0.769361 0.879418
0.350745 0.396557
0.256018 0.961125
0.137327 0.427819
0.375462 0.765113
0.887914 0.249424
0.016065 0.370043
0.204112 0.061935
0.551399 0.409470
0.959933 0.857296
0.956310 0.585425
0.679023 0.929892
0.465581 0.199972
0.817425 0.614827
0.772784 0.279716
0.278063 0.582797
0.556942 0.322362
0.663824 0.490663
0.945928 0.429740
0.488015 0.037803
0.378040 0.608350
0.804143 0.510545
0.207018 0.316301
0.491366 0.710468
0.310769 0.914640
0.737658 0.757075
0.910392 0.541416
0.099598 0.631336
0.783597 0.068413
0.885909 0.483795
0.065430 0.223348
0.511245 0.669437
0.869245 0.664442
0.897414 0.191248
0.032149 0.779588
0.961126 0.735320
0.391691 0.248987
0.720521 0.762668
0.134351 0.957944
0.577156 0.186309
0.921430 0.675619
0.885781 0.006957
0.694217 0.025899
0.011148 0.906618
0.287877 0.668142
0.689276 0.206606
0.242251 0.278386
0.660000 0.784994
0.487836 0.875763
0.218280 0.518216
0.906487 0.274137
0.543694 0.562531
0.118918 0.955665
0.410678 0.323275
0.234866 0.460770
0.156487 0.273320
0.716846 0.468144
0.589546 0.876851
0.954677 0.098763
0.857724 0.750598
0.625524 0.619456
0.164290 0.851846
0.422986 0.644473
0.618661 0.921033
0.278789 0.137550
0.439764 0.626488
0.771944 0.002360
0.191722 0.859817
0.022759 0.815817
0.724755 0.412687
0.002891 0.306558
0.018577 0.829219
0.857665 0.510034
0.181264 0.572946
0.533155 0.141979
0.443461 0.773253
0.728096 0.623652
0.105964 0.723454
0.949454 0.365068
0.048137 0.991120
0.240537 0.366569
0.585267 0.471034
0.971812 0.934397
0.174907 0.962072
0.937134 0.322578
0.715383 0.881596
0.881888 0.411238
0.954081 0.544368
0.504569 0.110606
0.828793 0.027755
0.919630 0.040274
0.402299 0.020965
0.546964 0.174935
0.418537 0.213262
0.402158 0.570609
0.408136 0.714612
0.801724 0.989539
0.701722 0.721918
0.568779 0.227224
0.671366 0.144990
0.927201 0.211704
0.013654 0.188612
0.406049 0.493047
0.912318 0.950565
0.241123 0.570082
0.474011 0.940153
0.956775 0.611786
0.917714 0.047810
0.038660 0.522337
0.616452 0.903539
0.866882 0.971675
0.239396 0.750444
0.369052 0.967543
0.923071 0.929335
0.174030 0.780308
0.612362 0.821351
0.399702 0.548483
0.455103 0.627795
0.591901 0.690699
0.408501 0.679830
0.746632 0.329011
0.021294 0.065413
0.794060 0.288732
0.692440 0.236847
0.400226 0.881630
0.575331 0.919524
0.451297 0.602155
0.695909 0.080920
0.125141 0.070447
0.783743 0.938647
0.026346 0.041282
0.777034 0.987314
0.463320 0.064649
0.955683 0.806199
0.579907 0.431547
0.180959 0.973197
0.718992 0.367679
0.775992 0.755249
0.091854 0.048071
0.168199 0.371409
0.554571 0.897241
0.532949 0.531968
0.051557 0.812406
0.327148 0.645501
0.076372 0.401310
0.782128 0.555429
0.321209 0.061600
0.137120 0.918708
0.539028 0.745297
0.637740 0.371407
0.526068 0.549745
0.098365 0.439502
0.047534 0.855523
0.132905 0.747853
0.475526 0.592171
0.995429 0.456387
0.885820 0.354161
0.340219 0.009674
0.368909 0.512424
0.110293 0.224592
0.350744 0.170802
0.194056 0.460501
0.789901 0.802206
0.451684 0.117312
0.220438 0.665798
0.205993 0.989075
0.743522 0.654418
0.316963 0.064169
0.235887 0.050547
0.514762 0.207934
0.239548 0.779468
0.753003 0.789527
0.224664 0.139867
0.962158 0.722033
0.176285 0.665000
0.732461 0.573337
0.745725 0.721613
0.136274 0.374970
0.528606 0.689196
0.111846 0.507156
0.384160 0.078709
0.573505 0.570466
0.094148 0.747818
0.687796 0.468005
0.074819 0.448735
0.560696 0.016759
0.301592 0.305135
0.917965 0.282711
0.083714 0.456229
0.228872 0.491566
0.834912 0.028891
0.122926 0.805401
0.526100 0.802873
0.879920 0.475271
0.077514 0.419484
0.235503 0.880800
0.550145 0.750693
0.737665 0.749992
0.630169 0.093497
0.413930 0.415984
0.565097 0.183462
0.564719 0.312189
0.406639 0.631742
0.085250 0.033251
0.142853 0.281429
0.836526 0.196462
0.060906 0.151981
0.235351 0.026765
0.471827 0.094561
0.413999 0.058203
0.749919 0.016464
0.012059 0.595629
0.492041 0.549429
0.906162 0.612753
0.485749 0.334461
0.957682 0.576038
0.090332 0.674914
0.164201 0.278720
0.581072 0.169923
0.437414 0.145176
0.984582 0.081871
0.598327 0.623115
0.941880 0.614444
0.080015 0.219511
0.175885 0.981920
0.258865 0.455969
0.211322 0.135676
0.297154 0.520140
0.097546 0.280527
0.872963 0.672076
0.018598 0.861345
0.197845 0.527847
0.839836 0.529500
0.278345 0.187522
0.836787 0.709039
0.464359 0.800524
0.079382 0.774098
0.945495 0.568667
0.203542 0.521912
0.006033 0.375613
0.592129 0.579876
0.529690 0.201216
0.308534 0.620467
0.457384 0.230231
0.478756 0.774441
0.644287 0.097050
0.201571 0.430566
0.836918 0.021627
0.481467 0.689261
0.296666 0.686479
0.125285 0.097841
0.933058 0.580625
0.021053 0.936706
0.678244 0.193546
0.726297 0.248635
0.233591 0.880724
0.833138 0.007445
0.249949 0.442072
0.148776 0.307659
0.465033 0.455490
0.332519 0.223385
0.314583 0.190074
0.264275 0.032498
0.058328 0.486917
0.084490 0.831293
0.517464 0.340224
0.541780 0.175136
0.107287 0.037398
0.012076 0.272257
0.966753 0.624000
0.311851 0.430645
0.636168 0.147969
0.218070 0.912150
0.914888 0.607187
0.428780 0.083209
0.242797 0.775485
0.550784 0.768247
0.192509 0.114386
0.584664 0.009627
0.433660 0.791373
0.292418 0.017152
0.836302 0.420184
0.779299 0.950450
0.217346 0.514633
0.598960 0.319191
0.602149 0.804646
0.699807 0.208925
0.772760 0.501731
0.570511 0.244437
0.305006 0.320774
0.013892 0.187879
0.258511 0.566053
0.080956 0.335502
0.176904 0.871610
0.830642 0.424719
0.079883 0.249552
0.745872 0.592274
0.684485 0.944615
0.832783 0.034692
0.179787 0.219283
0.657592 0.413746
0.497480 0.600997
0.834273 0.722567
0.170114 0.311440
0.766327 0.282087
0.549532 0.567641
0.767172 0.772891
0.369879 0.195586
0.036245 0.724126
0.382767 0.529289
0.351670 0.678985
0.066575 0.881705
0.755427 0.335390
0.217532 0.968640
0.953188 0.320819
0.567143 0.542755
0.628593 0.901866
0.438691 0.152012
0.380460 0.851940
0.854948 0.375364
0.531516 0.904630
0.439897 0.108237
0.628500 0.705601
0.919192 0.471326
0.056019 0.942510
0.017235 0.698429
0.820360 0.380244
0.073152 0.922563
0.224467 0.857933
0.753657 0.124292
0.851588 0.914498
0.827650 0.632196
0.002666 0.601117
0.085603 0.472629
0.491283 0.211854
0.136180 0.554395
0.490061 0.117759
0.993214 0.143690
0.943669 0.625156
0.078066 0.335648
0.916154 0.795375
0.505556 0.261034
0.124082 0.461084
0.296091 0.580128
0.822035 0.253459
0.462243 0.410552
0.153276 0.314772
0.754980 0.211783
0.055948 0.512604
0.222887 0.306304
0.823966 0.394720
0.637155 0.655841
0.461779 0.827745
0.265756 0.230842
0.043496 0.248160
0.442157 0.812354
0.389387 0.720686
0.867068 0.347650
0.506562 0.547034
0.606159 0.044462
0.405686 0.997059
0.302319 0.233386
0.101865 0.844724
0.207960 0.654013
0.835365 0.782881
0.261042 0.227554
0.806639 0.463719
0.577870 0.567215
0.010172 0.865852
0.416427 0.447292
0.072918 0.924340
0.875897 0.202958
0.355668 0.876565
0.341177 0.564898
0.959485 0.574717
0.955643 0.746474
0.694336 0.094771
0.211036 0.695784
0.513391 0.332141
0.080306 0.300990
0.393977 0.915865
0.987373 0.994492
0.154944 0.695963
0.307202 0.640022
0.240284 0.262747
0.020245 0.806434
0.070092 0.442208
0.607214 0.532976
0.162509 0.478206
0.263329 0.473017
0.864100 0.660026
0.035567 0.866713
0.191114 0.482996
0.542145 0.137804
0.980412 0.040175
0.520342 0.035717
0.276336 0.234756
0.566963 0.151368
0.638632 0.575663
0.085136 0.323549
0.846547 0.772919
0.631814 0.922496
0.295504 0.084725
0.572265 0.248219
0.235338 0.384788
0.190991 0.313403
0.882814 0.216278
0.182929 0.094152
0.356218 0.677913
0.754473 0.926604
0.326113 0.848012
0.400735 0.103382
0.253834 0.593942
0.793656 0.881106
0.098171 0.037286
0.114986 0.048654
0.410632 0.649089
0.598802 0.925578
0.811063 0.934967
0.010155 0.161077
0.937850 0.936392
0.279624 0.986146
0.100800 0.322383
0.537921 0.634982
0.029761 0.674892
0.350400 0.496486
0.308403 0.681533
0.038213 0.182649
0.310057 0.340922
0.591026 0.107848
0.711339 0.958725
0.825629 0.361557
0.949307 0.666628
0.125418 0.626692
0.309206 0.431786
0.307668 0.646810
0.682358 0.040909
0.908663 0.277571
0.417596 0.341008
0.451157 0.471397
0.104623 0.097905
0.064333 0.638933
0.574023 0.193979
0.163298 0.706947
0.876134 0.528212
0.763361 0.849488
0.509833 0.904462
0.403725 0.307625
0.712282 0.397967
0.585889 0.932804
0.191999 0.175478
0.093995 0.089837
0.290145 0.510963
0.557491 0.337777
0.188707 0.786741
0.140902 0.870386
0.449308 0.598946
0.301186 0.042650
0.862640 0.696614
0.140030 0.435759
0.316088 0.375267
0.996635 0.820213
0.145867 0.118730
0.575947 0.065166
0.230063 0.737014
0.087935 0.511865
0.900239 0.983441
0.585457 0.580025
0.601814 0.650815
0.931417 0.408173
0.117207 0.444252
0.600296 0.142521
0.080789 0.507442
0.824856 0.083599
0.460956 0.339392
0.435693 0.275908
0.662193 0.980388
0.109485 0.283042
0.908775 0.768681
0.641209 0.829212
0.611805 0.673566
0.286246 0.707861
0.492556 0.195849
0.180234 0.858980
0.337644 0.093285
0.337652 0.799023
0.395339 0.736462
0.754578 0.650745
0.587364 0.729664
0.696695 0.865043
0.906803 0.541616
0.340543 0.352853
0.600318 0.282641
0.554190 0.152364
0.991611 0.437544
0.752886 0.945315
0.093162 0.317726
0.445960 0.705841
0.474512 0.231304
0.303088 0.516332
0.207935 0.886663
0.311284 0.116978
0.096119 0.342704
0.868321 0.069162
0.801505 0.898147
0.463995 0.507583
0.943250 0.672608
0.937534 0.331970
0.705284 0.273767
0.167643 0.346480
0.007750 0.867794
0.451051 0.293330
0.834136 0.174313
0.756138 0.946965
0.877705 0.392509
0.500096 0.436028
0.273368 0.831621
0.491259 0.742622
0.814935 0.066885
0.202651 0.891828
0.722711 0.771100
0.598456 0.689194
0.722700 0.982367
0.322044 0.989847
0.926215 0.460100
0.172334 0.390139
0.757495 0.954316
0.444690 0.921208
0.966936 0.667279
0.893240 0.793537
0.588870 0.921929
0.783370 0.492619
0.555346 0.068133
0.746352 0.558004
0.561150 0.955655
0.922474 0.191536
0.690359 0.881823
0.184667 0.435271
0.260994 0.782239
0.071602 0.035570
0.321887 0.574478
0.427319 0.267079
0.244671 0.987565
0.643938 0.928783
0.893821 0.914124
0.834605 0.444048
0.928980 0.307455
0.225787 0.497548
0.896355 0.912382
0.551148 0.924184
0.899703 0.666570
0.253706 0.628609
0.806556 0.438117
0.858585 0.158661
0.141513 0.875576
0.965615 0.182013
0.046081 0.538161
0.929205 0.522563
0.943232 0.146735
0.442299 0.601563
0.834956 0.750306
0.921924 0.098214
0.482350 0.838068
0.805715 0.395442
0.070310 0.943679
0.612015 0.908766
0.342713 0.086251
0.890500 0.709685
0.608988 0.471700
0.996005 0.949706
0.469280 0.238404
0.955094 0.467128
0.582936 0.672739
0.563119 0.615924
0.313859 0.242921
0.248879 0.794516
0.626265 0.003657
0.174715 0.372012
0.175734 0.409504
0.501741 0.710400
0.142911 0.341375
0.743085 0.763442
0.991076 0.198556
0.652468 0.296510
0.993778 0.237626
0.151040 0.116280
0.075056 0.950084
0.382381 0.825233
0.232297 0.162052
0.103688 0.523096
0.570564 0.712280
0.270604 0.565862
0.767280 0.018801
0.853808 0.962725
0.607429 0.579915
0.637392 0.242280
0.081988 0.471775
0.992226 0.651529
0.426069 0.202735
0.391911 0.364726
0.388329 0.863688
0.744600 0.973832
0.969452 0.373979
0.450874 0.908299
0.845071 0.764100
0.466016 0.589162
0.697292 0.859200
0.544455 0.060861
0.718990 0.431562
0.274811 0.563974
0.626380 0.875539
0.475871 0.012992
0.617860 0.725053
0.017021 0.625506
0.850954 0.881604
0.151044 0.012659
0.174183 0.249844
0.002865 0.885420
0.047019 0.588114
0.944756 0.157245
0.808574 0.772958
0.206659 0.630885
0.714519 0.349462
0.219690 0.645601
0.451700 0.193380
0.871593 0.030764
0.161274 0.346358
0.064772 0.462782
0.353681 0.602166
0.710744 0.854557
0.482574 0.219701
0.569224 0.720107
0.359868 0.217623
0.145761 0.551752
0.040357 0.065845
0.198721 0.123219
0.281887 0.230693
0.274603 0.289251
0.195859 0.953404
0.090071 0.290790
0.242875 0.845726
0.509759 0.794518
0.299649 0.371765
0.330818 0.896526
0.125795 0.051767
0.078337 0.102106
0.192960 0.271453
0.540177 0.857131
0.503750 0.909541
0.825442 0.551226
0.724216 0.606519
0.317699 0.038895
0.681205 0.389275
0.012241 0.632011
0.034659 0.539084
0.376092 0.205542
0.724998 0.044518
0.050128 0.528119
0.616990 0.716227
0.424580 0.180016
0.614084 0.057121
0.362385 0.453360
0.400930 0.279342
0.119220 0.442847
0.886889 0.438519
0.814759 0.129970
0.369595 0.516140
0.646583 0.639757
0.415186 0.422490
0.406346 0.006211
0.460606 0.315447
0.757205 0.721166
0.183414 0.334531
0.162206 0.060947
0.755836 0.834953
0.315206 0.686250
0.202325 0.473016
0.419096 0.292846
0.213690 0.042066
0.680494 0.154207
0.935884 0.787291
0.945742 0.241877
0.447844 0.038034
0.489957 0.235389
0.870311 0.387858
0.589051 0.140743
0.306328 0.325486
0.654044 0.424958
0.104190 0.173812
0.387665 0.543920
0.254875 0.429550
0.635146 0.491722
0.088536 0.112680
0.344273 0.531950
0.818437 0.532703
0.324187 0.584796
0.895728 0.957821
0.298077 0.838648
0.584767 0.033509
0.081822 0.030765
0.646225 0.438543
0.588826 0.498872
0.523991 0.189407
0.760656 0.543988
0.971961 0.208097
0.453821 0.864530
0.628052 0.253696
0.774882 0.822708
0.645330 0.084694
0.349294 0.086456
0.123959 0.766879
0.533760 0.753616
0.752660 0.370719
0.637576 0.409828
0.764723 0.912525
0.805322 0.697538
0.041096 0.285271
0.331451 0.880785
0.951905 0.097794
0.826724 0.578889
0.317783 0.795221
0.837106 0.311888
0.693665 0.168796
0.227652 0.751559
0.030267 0.379906
0.887088 0.604085
0.652238 0.920928
0.083176 0.863879
0.407017 0.514650
0.104663 0.772849
0.784728 0.814353
0.662469 0.195328
0.786964 0.908240
0.890996 0.276125
0.331125 0.054772
0.689797 0.187647
0.016983 0.779535
0.576550 0.491755
0.153471 0.449653
0.184177 0.142988
0.046206 0.708344
0.028109 0.442036
0.680053 0.700057
0.194124 0.311791
0.096083 0.845754
0.152841 0.113066
0.958554 0.038241
0.993874 0.843013
0.035094 0.519039
0.990796 0.966529
0.572052 0.371173
0.557511 0.319388
0.837015 0.516319
0.337253 0.491587
0.421785 0.340127
0.377387 0.850359
0.251653 0.586132
0.086317 0.894522
0.630576 0.956510
0.943247 0.945347
0.066941 0.937056
0.737177 0.273795
0.070833 0.724078
0.448469 0.640016
0.591323 0.772554
0.754429 0.878172
0.271034 0.407696
0.539823 0.598170
0.235308 0.146197
0.723865 0.295574
0.704584 0.858803
0.177149 0.161975
0.321116 0.672403
0.495151 0.670312
0.714980 0.557736
0.919368 0.573116
0.499328 0.877880
0.752774 0.296357
0.581161 0.783059
0.203237 0.837593
0.401419 0.228894
0.706689 0.184301
0.476966 0.568074
0.431231 0.956771
0.407116 0.119549
0.844061 0.449675
0.328604 0.854652
0.934991 0.497370
0.655459 0.356215
0.933507 0.620268
0.824037 0.504545
0.130719 0.723030
0.678482 0.923266
0.723245 0.210111
0.078193 0.078348
0.432935 0.760127
0.286425 0.065292
0.024566 0.157777
0.707897 0.542241
0.743003 0.520477
0.583375 0.970927
0.122015 0.976660
0.320445 0.312695
0.578834 0.353597
0.242245 0.593459
0.701713 0.714884
0.669720 0.299281
0.162164 0.651176
0.417996 0.393382
0.739198 0.072497
0.983750 0.855741
0.029825 0.876413
0.928016 0.038030
0.038223 0.273612
0.217626 0.799488
0.985406 0.740871
0.578550 0.343467
0.361883 0.541149
0.235675 0.909670
0.457711 0.501515
0.766096 0.993782
0.347508 0.271826
0.176805 0.563977
0.582425 0.600583
0.732671 0.822937
0.646704 0.259075
0.506919 0.424333
0.573397 0.120948
0.103848 0.694345
0.981969 0.561513
0.512306 0.331636
0.199928 0.779624
0.588488 0.263307
0.061273 0.864651
0.237925 0.819695
0.436499 0.432080
0.969042 0.157493
0.542018 0.433473
0.124473 0.908528
0.601314 0.310009
0.761363 0.360599
0.485778 0.003562
0.848152 0.087179
0.550095 0.465218
0.172911 0.834349
0.995240 0.208413
0.117046 0.646192
0.741508 0.142282
0.238269 0.663997
0.974726 0.390601
0.427996 0.769928
0.240644 0.052634
0.260869 0.262484
0.205730 0.894450
0.037910 0.048850
0.976955 0.772737
0.939839 0.418404
0.178855 0.187872
0.653374 0.321959
0.823049 0.738993
0.810878 0.222938
0.373570 0.411017
0.592510 0.009520
0.310762 0.562057
0.880059 0.160913
0.927189 0.199402
0.422959 0.346238
0.050889 0.633194
0.579476 0.901136
0.884472 0.879175
0.329910 0.175043
0.173010 0.245354
0.423627 0.571174
0.469264 0.382157
0.718076 0.211645
0.351795 0.701610
0.995460 0.551712
0.069574 0.478337
0.801522 0.940001
0.236207 0.133614
0.140961 0.075675
0.877496 0.173463
0.185254 0.548863
0.347996 0.002740
0.501223 0.167242
0.375389 0.369391
0.692477 0.569558
0.765909 0.506550
0.760868 0.705929
0.109711 0.134841
0.941425 0.125159
0.162005 0.363263
0.241754 0.650883
0.443919 0.184234
0.425666 0.951197
0.006491 0.696862
0.720865 0.710559
0.231838 0.412238
0.101795 0.598079
0.007478 0.995505
0.601284 0.992915
0.602916 0.581710
0.738424 0.475362
0.102075 0.365901
0.815164 0.421302
0.300747 0.512667
0.530359 0.648044
0.565213 0.556298
0.087598 0.951192
0.266304 0.369955
0.731886 0.545017
0.052617 0.470741
0.440301 0.872908
0.407249 0.897262
0.313073 0.989859
0.644322 0.147264
0.063998 0.735502
0.744758 0.695149
0.892979 0.214097
0.205149 0.422659
0.938436 0.676952
0.379252 0.890727
0.453691 0.763121
0.628543 0.756491
0.828922 0.195824
0.966436 0.796672
0.589090 0.454880
0.780174 0.937013
0.538292 0.649551
0.645072 0.407198
0.292250 0.801541
0.207719 0.641623
0.543221 0.014502
0.607868 0.828670
0.535380 0.554250
0.933220 0.074542
0.393770 0.692981
0.756905 0.992508
0.146213 0.281161
0.894431 0.154350
0.505094 0.402319
0.135005 0.248023
0.734751 0.138880
0.851555 0.974051
0.220202 0.431214
0.074444 0.682866
0.674269 0.247491
0.825785 0.506309
0.272677 0.798478
0.254419 0.268722
0.390483 0.329312
0.386048 0.776524
0.028272 0.099344
0.108667 0.179928
0.462793 0.521541
0.350357 0.976393
0.134282 0.074490
0.274662 0.882650
0.291508 0.522948
0.718193 0.240625
0.455590 0.186935
0.025768 0.842290
0.334952 0.484766
0.900294 0.059457
0.426309 0.741970
0.877783 0.946773
0.170361 0.305945
0.562291 0.549621
0.195919 0.335265
0.811254 0.993375
0.882480 0.242914
0.648570 0.056443
0.198796 0.664333
0.800995 0.836736
0.533767 0.994018
0.402782 0.809696
0.026062 0.988479
0.594191 0.045734
0.720100 0.668780
0.451400 0.605899
0.728634 0.772409
0.928508 0.166858
0.465904 0.302146
0.266736 0.739684
0.930406 0.298651
0.631612 0.941747
0.962605 0.823870
0.575811 0.656915
0.380443 0.283945
0.293506 0.076547
0.904304 0.643190
0.531504 0.052201
0.823120 0.784750
0.453079 0.410739
0.424597 0.258966
0.712365 0.383457
0.315091 0.927034
0.490294 0.583109
0.888424 0.555411
0.267519 0.026184
0.368006 0.245508
0.665399 0.542492
0.042880 0.693601
0.773044 0.540109
0.545881 0.667435
0.996587 0.500970
0.280866 0.758896
0.616257 0.770843
0.396016 0.426205
0.917498 0.177168
0.021510 0.574440
0.974286 0.759227
0.842390 0.439804
0.905970 0.427302
0.461253 0.340896
0.703356 0.681005
0.420415 0.939350
0.525455 0.611643
0.199503 0.012565
0.705182 0.289491
0.981966 0.382838
0.570498 0.294053
0.492770 0.570060
0.586883 0.583881
0.749604 0.939271
0.257685 0.122238
0.141193 0.599669
0.680822 0.675871
0.848873 0.078311
0.653469 0.986391
0.261347 0.839586
0.740769 0.077229
0.697604 0.050618
0.780284 0.803863
0.449257 0.603152
0.880809 0.880991
0.881108 0.294032
0.092340 0.527542
0.087511 0.239267
0.573390 0.558921
0.392188 0.050758
0.262527 0.225564
0.800386 0.040129
0.772917 0.347906
0.364856 0.730696
0.471807 0.330048
0.310887 0.256456
0.481311 0.447928
0.680675 0.806093
0.642526 0.402479
0.203615 0.130342
0.321914 0.504284
0.076619 0.272650
0.307037 0.013421
0.347357 0.105923
0.938182 0.096699
0.633377 0.962270
0.053039 0.584196
0.981316 0.627975
0.283533 0.207992
0.772985 0.242562
0.737057 0.288205
0.718879 0.188634
0.118793 0.894953
0.144707 0.888307
0.907440 0.359524
0.972836 0.532378
0.283611 0.634087
0.028067 0.159995
0.128306 0.406452
0.555954 0.179422
0.558284 0.064876
0.131936 0.374621
0.145839 0.577659
0.460802 0.677700
0.182371 0.103221
0.918587 0.503889
0.088328 0.678589
0.072758 0.243571
0.346512 0.647721
0.831613 0.584962
0.141371 0.585773
0.320073 0.701421
0.223869 0.351441
0.056625 0.978950
0.389640 0.556712
0.514925 0.882307
0.357572 0.181823
0.693636 0.762253
0.766624 0.282991
0.889355 0.891801
0.470598 0.741407
0.470021 0.785945
0.303740 0.784264
0.079989 0.907196
0.014477 0.572008
0.372986 0.188340
0.120237 0.490787
0.065468 0.414222
0.023238 0.915006
0.830427 0.395900
0.845282 0.112136
0.310476 0.043438
0.088994 0.650415
0.319107 0.897644
0.413647 0.139782
0.120276 0.416446
0.525577 0.387376
0.529030 0.328207
0.426400 0.081167
0.459666 0.662087
0.036634 0.928731
0.462954 0.644719
0.517997 0.772947
0.740260 0.512779
0.454575 0.582343
0.099915 0.432639
0.421198 0.371051
0.329993 0.141153
0.366800 0.041815
0.501689 0.625723
0.671195 0.865215
0.788764 0.147134
0.695592 0.809252
0.491094 0.175267
0.140381 0.215651
0.084118 0.355633
0.548094 0.382745
0.281033 0.453785
0.845134 0.459497
0.290881 0.335007
0.902771 0.681212
0.683191 0.428286
0.716059 0.384718
0.528645 0.796432
0.948770 0.429263
0.775283 0.888289
0.273064 0.619104
0.141012 0.284359
0.144573 0.474747
0.155777 0.263750
0.396695 0.232020
0.370506 0.818199
0.312359 0.261627
0.164974 0.818051
0.637126 0.196579
0.033062 0.395399
0.334476 0.930852
0.701371 0.251202
0.752216 0.309872
0.945988 0.516064
0.268435 0.771871
0.512205 0.998419
0.416036 0.418931
0.113312 0.139278
0.946823 0.997454
0.087085 0.759228
0.289275 0.050073
0.922428 0.731286
0.378549 0.064469
0.533619 0.042264
0.892928 0.789277
0.855931 0.315689
0.517829 0.013278
0.063937 0.760900
0.976675 0.011257
0.472561 0.685806
0.217311 0.548406
0.971035 0.164887
0.323355 0.804889
0.661156 0.189371
0.431747 0.833129
0.223812 0.643136
0.180945 0.192638
0.421520 0.745702
0.988630 0.220660
0.059747 0.182825
0.763443 0.991651
0.676118 0.005520
0.492183 0.394565
0.204085 0.519961
0.512074 0.914170
0.866495 0.813555
0.177118 0.641081
0.594468 0.266573
0.058204 0.754918
0.338335 0.384108
0.778575 0.225988
0.739895 0.549680
0.079400 0.763113
0.769054 0.849719
0.734637 0.098684
0.092934 0.947201
0.490004 0.546781
0.141852 0.093104
0.287827 0.396137
0.064079 0.755949
0.657660 0.106998
0.020108 0.022502
0.302013 0.469345
0.557168 0.876883
0.587184 0.849744
0.126043 0.700610
0.861093 0.404988
0.154763 0.852758
0.263185 0.673006
0.477545 0.987243
0.965902 0.264904
0.332396 0.843336
0.592846 0.476800
0.587067 0.605889
0.895722 0.516060
0.330602 0.573321
0.640267 0.693754
0.476510 0.794305
0.050812 0.373672
0.563620 0.538158
0.093785 0.687920
0.511980 0.949316
0.342363 0.030124
0.693690 0.002869
0.157667 0.119475
0.312349 0.925972
0.446283 0.992349
0.749847 0.579073
0.309585 0.622941
0.235503 0.901221
0.487218 0.000326
0.920109 0.415348
0.615290 0.396621
0.196204 0.962248
0.969220 0.249347
0.895977 0.286089
0.541868 0.550866
0.819450 0.829646
0.019458 0.888711
0.898148 0.114029
0.461012 0.312861
0.183265 0.375566
0.261388 0.019510
0.762345 0.711558
0.283696 0.435568
0.654805 0.847008
0.883788 0.664148
0.714174 0.776021
0.917663 0.408489
0.573686 0.954405
0.722055 0.430259
0.711917 0.424136
0.489138 0.317903
0.786463 0.235664
0.418180 0.841677
0.486156 0.800687
0.520166 0.454237
0.286139 0.355808
0.975801 0.559122
0.655148 0.546662
0.502984 0.014221
0.460624 0.252387
0.276748 0.963244
0.544848 0.161972
0.562835 0.495494
0.704049 0.286809
0.375475 0.822689
0.592491 0.547933
0.150623 0.631297
0.394840 0.811745
0.637793 0.019853
0.462632 0.264635
0.956826 0.962936
0.494462 0.814768
0.040312 0.556958
0.254564 0.288390
0.488068 0.397652
0.270725 0.548386
0.196991 0.315126
0.430007 0.304385
0.997748 0.349556
0.899584 0.306609
0.929206 0.289098
0.339976 0.819711
0.712149 0.311296
0.949312 0.758234
0.445747 0.270258
0.479746 0.631926
0.543422 0.954101
0.000972 0.496968
0.449139 0.200614
0.850803 0.438301
0.730851 0.103864
0.909080 0.718585
0.734705 0.670393
0.058702 0.620908
0.101810 0.190920
0.456379 0.185240
0.098767 0.281917
0.025727 0.492706
0.893817 0.021169
0.406621 0.887115
0.622405 0.852393
0.447271 0.539784
0.329088 0.966214
0.209260 0.061544
0.647159 0.678302
0.370827 0.444914
0.383001 0.920152
0.859976 0.479787
0.009107 0.334019
0.526514 0.927572
0.437878 0.620694
0.670926 0.161583
0.347698 0.727334
0.288027 0.685577
0.763480 0.182247
0.954622 0.927673
0.555767 0.384524
0.392933 0.973523
0.015642 0.938643
0.875365 0.450415
0.687131 0.187636
0.801203 0.603129
0.194425 0.943142
0.972114 0.712676
0.888166 0.036638
0.320903 0.400699
0.753226 0.723388
0.106714 0.035132
0.169784 0.159087
0.879940 0.406818
0.800220 0.138958
0.841386 0.082159
0.086202 0.039977
0.572764 0.353455
0.583562 0.439175
0.499382 0.506441
0.636924 0.194424
0.860953 0.203637
0.701746 0.868826
0.412710 0.142483
0.958330 0.255839
0.556563 0.788824
0.730528 0.419453
0.110840 0.909156
0.621285 0.102250
0.467161 0.829170
0.207820 0.573871
0.454301 0.831451
0.601169 0.993424
0.831455 0.871812
0.167963 0.141561
0.967058 0.841591
0.236745 0.941453
0.924410 0.932336
0.666782 0.532607
0.871597 0.269653
0.744253 0.787449
0.460767 0.874600
0.988835 0.067823
0.580605 0.183864
0.103160 0.707022
0.675869 0.814042
0.478249 0.172731
0.649172 0.990723
0.379948 0.117174
0.212704 0.079650
0.184572 0.553049
0.441398 0.955104
0.806362 0.207282
0.194064 0.519744
0.765019 0.699333
0.015328 0.550502
0.178520 0.566829
0.108727 0.186719
0.334545 0.318447
0.980116 0.799569
0.393296 0.632519
0.390579 0.685916
0.205132 0.539501
0.329324 0.015105
0.188363 0.927457
0.819571 0.723774
0.705706 0.991929
0.504262 0.601659
0.402334 0.315029
0.123415 0.640416
0.524089 0.103341
0.191276 0.827890
0.321377 0.740155
0.408938 0.961823
0.262387 0.214836
0.606888 0.729851
0.928730 0.180559
0.301993 0.256769
0.147227 0.361399
0.274703 0.555348
0.123510 0.780721
0.924827 0.833643
0.086248 0.815065
0.547972 0.409530
0.225237 0.391162
0.089827 0.062351
0.512248 0.738490
0.381736 0.011878
0.330453 0.985715
0.338535 0.356419
0.706392 0.546597
0.108449 0.724725
0.337880 0.679454
0.704848 0.100481
0.541905 0.823937
0.220979 0.263490
0.708486 0.319915
0.331307 0.058289
0.839624 0.895441
0.416908 0.748759
0.276888 0.874283
0.317379 0.046415
0.776849 0.398207
0.408027 0.010395
0.680491 0.085192
0.428642 0.908792
0.040875 0.451975
0.248934 0.303799
0.222772 0.117797
0.545775 0.077254
0.668624 0.275963
0.188644 0.848517
0.237111 0.170779
0.982261 0.253229
0.763778 0.349698
0.299115 0.849315
0.267575 0.273924
0.049713 0.995749
0.532824 0.465518
0.384593 0.909901
0.633071 0.744956
0.499723 0.250921
0.331405 0.270388
0.925695 0.999443
0.191262 0.028255
0.721143 0.108022
0.662405 0.144695
0.062120 0.382031
0.368657 0.888135
0.821706 0.317381
0.317152 0.515669
0.867899 0.169258
0.773281 0.179333
0.972890 0.355185
0.101155 0.953095
0.423103 0.406054
0.956340 0.667354
0.646935 0.070389
0.835788 0.644972
0.435896 0.849949
0.139267 0.621352
0.624916 0.198869
0.577312 0.100767
0.418851 0.853910
0.972574 0.152176
0.904777 0.279975
0.244657 0.179923
0.673434 0.012905
0.642912 0.518259
0.888239 0.760659
0.097353 0.793291
0.586558 0.484368
0.894735 0.871995
0.475480 0.322304
0.755037 0.875115
0.993119 0.142700
0.782988 0.169262
0.946502 0.715438
0.699924 0.473260
0.608415 0.977973
0.223220 0.214751
0.758080 0.637472
0.453655 0.055304
0.784359 0.398994
0.655523 0.065748
0.635209 0.438628
0.869936 0.378178
0.093385 0.350885
0.388711 0.267044
0.585955 0.691206
0.234357 0.518998
0.493962 0.407330
0.441140 0.639601
0.718605 0.907350
0.112815 0.914749
0.081619 0.247646
0.944581 0.595661
0.990041 0.940472
0.139935 0.508465
0.679383 0.178846
0.427544 0.202930
0.264222 0.855481
0.188904 0.349589
0.771544 0.612833
0.544469 0.470506
0.309703 0.302985
0.614113 0.246134
0.534643 0.658889
0.067176 0.579206
0.615076 0.682617
0.508028 0.316334
0.969600 0.241627
0.205002 0.028941
0.151260 0.630632
0.163684 0.537413
0.388884 0.404533
0.570009 0.925803
0.459523 0.616952
0.184213 0.639156
0.762629 0.709290
0.353680 0.881522
0.694168 0.686794
0.930811 0.939908
0.677601 0.891009
0.531515 0.247937
0.498766 0.632052
0.250556 0.972687
0.912931 0.179543
0.161913 0.659154
0.844860 0.127580
0.675472 0.999045
0.886512 0.947036
0.095778 0.104029
0.212030 0.617540
0.534258 0.758348
0.475967 0.591853
0.663215 0.001648
0.738242 0.986964
0.668075 0.050112
0.968098 0.819064
0.153767 0.002455
0.219377 0.303689
0.691811 0.997085
0.140721 0.727624
0.156556 0.487679
0.086843 0.165827
0.992220 0.086688
0.730790 0.364416
0.076768 0.989719
0.742191 0.439917
0.904342 0.338510
0.792722 0.655299
0.394868 0.006155
0.877622 0.424914
0.757621 0.195492
0.700819 0.873340
0.484963 0.930018
0.661311 0.727192
0.733110 0.986452
0.799714 0.054360
0.058709 0.068997
0.916436 0.381684
0.723183 0.057635
0.956717 0.019971
0.551178 0.976225
0.672828 0.004343
0.635160 0.920906
0.519994 0.918246
0.015084 0.565311
0.720156 0.011073
0.830237 0.016277
0.436476 0.442192
0.339777 0.732267
0.041528 0.188274
0.639142 0.936399
0.533394 0.136166
0.861416 0.456984
0.256446 0.150171
0.145925 0.210690
0.217366 0.450407
0.680716 0.606924
0.451997 0.468085
0.681270 0.996752
0.094925 0.453825
0.254685 0.915671
0.031196 0.506787
0.716754 0.276728
0.268405 0.365215
0.078755 0.859015
0.457388 0.253105
0.101453 0.406259
0.311082 0.313050
0.525711 0.401199
0.023611 0.671937
0.832293 0.113703
0.175489 0.983997
0.157824 0.834012
0.025832 0.374823
0.799571 0.297260
0.538796 0.070334
0.078599 0.181369
0.968955 0.636233
0.199031 0.217669
0.339174 0.676403
0.140542 0.892039
0.684514 0.042732
0.551915 0.934130
0.507045 0.094272
0.075344 0.793172
0.488953 0.310172
0.524395 0.081108
0.145118 0.608748
0.862904 0.527292
0.761401 0.054073
0.987780 0.333672
0.661129 0.241911
0.905584 0.945404
0.569850 0.548341
0.010922 0.159030
0.607180 0.597315
0.824108 0.178863
0.224632 0.757490
0.726211 0.701913
0.229590 0.214010
0.941513 0.362693
0.888124 0.177519
0.260580 0.901467
0.983167 0.090562
0.771550 0.232963
0.619557 0.270593
0.172911 0.187307
0.513794 0.289194
0.077954 0.070929
0.483859 0.528697
0.089259 0.352387
0.863251 0.780238
0.320973 0.716556
0.603433 0.451417
0.477302 0.450349
0.900169 0.937028
0.557582 0.624102
0.281766 0.972990
0.751408 0.815003
0.231029 0.341404
0.111768 0.182405
0.577786 0.123801
0.149745 0.549591
0.095102 0.809985
0.581308 0.772544
0.959872 0.961466
0.074829 0.083497
0.997249 0.801355
0.997436 0.285512
0.918416 0.056665
0.838912 0.644062
0.082482 0.614332
0.203815 0.072579
0.665855 0.068878
0.005632 0.741144
0.506185 0.037462
0.771205 0.550975
0.303065 0.197191
0.769316 0.012102
0.303914 0.359913
0.014255 0.937580
0.081041 0.541302
0.063345 0.024842
0.514672 0.903903
0.926801 0.833245
0.636744 0.657919
0.338999 0.886594
0.561575 0.488842
0.102099 0.630430
0.332056 0.847677
0.206173 0.756058
0.143799 0.487315
0.954378 0.966791
0.074709 0.957742
0.377377 0.606607
0.143738 0.383101
0.808142 0.697391
0.250133 0.735261
0.606427 0.838165
0.303253 0.991342
0.671603 0.108175
0.643097 0.016809
0.563234 0.585446
0.672944 0.751050
0.760670 0.343379
0.478075 0.288986
0.836094 0.820197
0.088324 0.750095
0.089896 0.269524
0.957222 0.405336
0.502885 0.595103
0.176833 0.392830
0.696778 0.248644
0.924880 0.494720
0.962578 0.027008
0.649564 0.870515
0.315833 0.543419
0.537519 0.346322
0.968478 0.867119
0.881635 0.844689
0.568844 0.326857
0.068011 0.806434
0.054582 0.755832
0.035101 0.003649
0.987691 0.519184
0.223151 0.972171
0.796473 0.509852
0.228310 0.402199
0.436163 0.924604
0.603333 0.217284
0.598160 0.039255
0.505615 0.744817
0.747168 0.390580
0.183272 0.335220
0.946257 0.742149
0.611349 0.022393
0.641737 0.962287
0.942703 0.334586
0.322918 0.474592
0.821961 0.162707
0.246241 0.254911
0.025939 0.672175
0.218930 0.443424
0.340231 0.604794
0.774214 0.516428
0.059211 0.958707
0.938370 0.619667
0.005458 0.957354
0.189195 0.103533
0.504689 0.422450
0.136239 0.520148
0.323538 0.151364
0.914996 0.343379
0.180087 0.665861
0.280459 0.455006
0.070828 0.747044
0.909799 0.003766
0.322770 0.500419
0.479672 0.588735
0.975717 0.305348
0.670491 0.844448
0.827254 0.894803
0.368219 0.412425
0.231790 0.984111
0.983640 0.972219
0.535023 0.321562
0.989710 0.474845
0.846512 0.769034
0.489526 0.972415
0.705546 0.037443
0.870611 0.470039
0.079319 0.999646
0.375618 0.039515
0.047428 0.082532
0.725227 0.029084
0.473041 0.100408
0.765922 0.579468
0.938575 0.033356
0.483503 0.813664
0.232549 0.677113
0.622591 0.006429
0.714300 0.795118
0.583054 0.759120
0.954537 0.388730
0.226213 0.706539
0.152260 0.968201
0.716809 0.564634
0.962345 0.254869
0.551179 0.391423
0.533144 0.574117
0.477701 0.778196
0.749737 0.308999
0.102533 0.314047
0.906009 0.176044
0.591787 0.074018
0.287520 0.757591
0.030726 0.069598
0.437169 0.679112
0.681225 0.570051
0.196937 0.055339
0.590653 0.954047
0.971558 0.345595
0.748490 0.283249
0.043716 0.556609
0.261415 0.103041
0.185451 0.810160
0.823264 0.070256
0.256697 0.653283
0.093174 0.883788
0.959467 0.130342
0.463376 0.651154
0.424937 0.559146
0.097541 0.262589
0.850757 0.157380
0.051225 0.563943
0.977200 0.150969
0.747880 0.120673
0.793271 0.762597
0.077072 0.147396
0.497739 0.526463
0.905942 0.740993
0.405030 0.704451
0.850623 0.899953
0.182275 0.189233
0.741243 0.938631
0.531288 0.171444
0.332294 0.812315
0.188079 0.020912
0.459578 0.557487
0.902517 0.286016
0.025583 0.521377
0.882070 0.450618
0.907088 0.305885
0.036084 0.104600
0.121928 0.383181
0.240819 0.481894
0.366280 0.153769
0.760567 0.898991
0.339495 0.812517
0.906386 0.487286
0.110413 0.764140
0.991589 0.754174
0.147260 0.486854
0.651881 0.930721
0.532645 0.681384
0.638080 0.767783
0.315827 0.262242
0.260660 0.427833
0.916362 0.249165
0.767882 0.386337
0.986367 0.898843
0.073066 0.804393
0.163086 0.480513
0.411605 0.663411
0.699091 0.943756
0.704612 0.063014
0.044361 0.352790
0.633616 0.474900
0.072664 0.368780
0.689525 0.418267
0.794048 0.250171
0.749108 0.976533
0.075966 0.810775
0.053545 0.810376
0.107404 0.526304
0.816111 0.838791
0.083605 0.512292
0.069889 0.557647
0.863373 0.409809
0.781388 0.044383
0.156585 0.310100
0.702298 0.057788
0.136495 0.725261
0.909098 0.283447
0.239544 0.269290
0.489050 0.698270
0.314819 0.152325
0.371147 0.231614
0.215963 0.810606
0.871866 0.385890
0.390255 0.995691
0.128122 0.246109
0.012747 0.428651
0.223605 0.355700
0.737744 0.688475
0.479723 0.265038
0.195596 0.348635
0.078659 0.169438
0.949674 0.501722
0.913596 0.945016
0.746564 0.719315
0.319949 0.063637
0.541937 0.182699
0.131474 0.322289
0.965210 0.189789
0.326434 0.057561
0.598028 0.494600
0.381523 0.532519
0.684758 0.967789
0.335034 0.481118
0.667612 0.880346
0.475822 0.374375
0.244663 0.707143
0.520876 0.832920
0.485944 0.723122
0.121857 0.752091
0.910988 0.822052
0.549772 0.128634
0.330557 0.926310
0.446951 0.282149
0.686009 0.075847
0.606830 0.149780
0.081630 0.785477
0.844536 0.599244
0.698446 0.541869
0.155105 0.253151
0.302433 0.375070
0.521162 0.146679
0.615719 0.284146
0.928202 0.650980
0.906257 0.922481
0.373163 0.486358
0.769657 0.355509
0.910727 0.322040
0.226239 0.892132
0.071880 0.413526
0.937047 0.960806
0.310504 0.963814
0.554492 0.752235
0.486343 0.411411
0.966432 0.882877
0.776457 0.645903
0.466927 0.646891
0.822328 0.230932
0.692571 0.518938
0.366063 0.074817
0.500201 0.446176
0.106684 0.630618
0.829970 0.125039
0.016282 0.630319
0.997173 0.896880
0.895846 0.561907
0.786871 0.116239
0.521880 0.583461
0.187291 0.846540
0.337441 0.334972
0.591131 0.520169
0.275038 0.156488
0.818307 0.763442
0.963873 0.550231
0.369376 0.931630
0.270156 0.334748
0.905726 0.025231
0.846830 0.830700
0.070852 0.565885
0.127767 0.590780
0.416402 0.698799
0.991579 0.640351
0.377364 0.258303
0.141458 0.930721
0.952682 0.784097
0.099989 0.723614
0.990727 0.508007
0.601710 0.923200
0.753507 0.144532
0.081163 0.951198
0.739116 0.913183
0.900556 0.620871
0.578871 0.596608
0.938602 0.607376
0.193739 0.595712
0.170974 0.534744
0.294054 0.881460
0.912797 0.403898
0.737226 0.462777
0.464910 0.071458
0.220019 0.490944
0.008168 0.755671
0.275150 0.403098
0.723846 0.093676
0.566405 0.570936
0.283233 0.103396
0.032075 0.765453
0.045813 0.513731
0.513491 0.374492
0.532943 0.318276
0.123549 0.717153
0.002762 0.080702
0.759566 0.987540
0.242063 0.473987
0.845447 0.330103
0.012190 0.771062
0.600087 0.299740
0.938523 0.521046
0.872053 0.492132
0.016937 0.443057
0.855052 0.443184
0.325635 0.648745
0.804316 0.991228
0.977055 0.664981
0.210980 0.171586
0.822091 0.369799
0.759663 0.370342
0.927652 0.877489
0.793910 0.902619
0.388632 0.612869
0.944782 0.400422
0.606627 0.300117
0.039823 0.396051
0.770320 0.358115
0.402786 0.269325
0.906191 0.242157
0.178899 0.290350
0.533293 0.600930
0.376159 0.834265
0.652092 0.728049
0.900002 0.970394
0.524928 0.679030
0.976897 0.535458
0.464438 0.597437
0.011822 0.488961
0.636307 0.248022
0.105232 0.818618
0.704034 0.490060
0.167050 0.514641
0.995897 0.440648
0.808375 0.163952
0.758133 0.375623
0.966022 0.528839
0.973351 0.994824
0.520655 0.069331
0.169512 0.538800
0.006216 0.744513
0.622336 0.385652
0.876481 0.585261
0.362778 0.179547
0.694025 0.469311
0.441289 0.246563
0.037518 0.249351
0.971803 0.038851
0.885194 0.885764
0.581014 0.614723
0.725500 0.517893
0.022208 0.710099
0.670349 0.471182
0.878027 0.785892
0.402063 0.042242
0.472790 0.546203
0.872002 0.529923
0.342542 0.813864
0.287036 0.387633
0.869805 0.322652
0.069459 0.560680
0.980026 0.939662
0.156558 0.042103
0.118014 0.066633
0.218019 0.431447
0.075208 0.485635
0.112466 0.813166
0.622385 0.712395
0.178887 0.584816
0.317465 0.999613
0.764329 0.959903
0.304382 0.492991
0.726186 0.746273
0.396477 0.684288
0.515549 0.658114
0.246723 0.228575
0.847504 0.858134
0.947069 0.396959
0.894943 0.646211
0.970527 0.921395
0.404349 0.211784
0.972139 0.754814
0.125188 0.149470
0.598753 0.317643
0.468948 0.000882
0.122585 0.130891
0.369558 0.430343
0.409831 0.346327
0.903772 0.768174
0.463121 0.575890
0.348352 0.562446
0.535408 0.595303
0.000211 0.468582
0.602920 0.950976
0.266414 0.275907
0.806094 0.234641
0.242796 0.121224
0.319947 0.806740
0.243157 0.971722
0.999128 0.047471
0.515378 0.273008
0.057934 0.793470
0.686496 0.252760
0.991870 0.478470
0.315663 0.746483
0.924860 0.637892
0.302095 0.569105
0.575015 0.860142
0.794525 0.394570
0.071885 0.971531
0.679339 0.825363
0.929451 0.227049
0.686486 0.834857
0.581600 0.545853
0.645427 0.047595
0.020652 0.378157
0.447777 0.386102
0.244539 0.619344
0.829002 0.457554
0.414517 0.097435
0.168389 0.679599
0.852834 0.551682
0.124726 0.551850
0.268573 0.692885
0.074513 0.668064
0.889926 0.890151
0.000189 0.033720
0.502428 0.264139
0.687787 0.004709
0.745247 0.483470
0.836584 0.695063
0.401394 0.358800
0.957735 0.015138
0.832760 0.408179
0.744529 0.596373
0.157185 0.927661
0.933835 0.734744
0.242288 0.742734
0.546465 0.142250
0.099593 0.738977
0.793590 0.734244
0.802512 0.474489
0.867015 0.900138
0.623043 0.661934
0.293031 0.706025
0.684570 0.074701
0.522727 0.259933
0.061953 0.479482
0.956050 0.033947
0.925139 0.526718
0.652596 0.282144
0.018777 0.140673
0.568968 0.819259
0.497927 0.842518
0.280783 0.332235
0.898662 0.612678
0.796746 0.085288
0.812470 0.352737
0.252924 0.348825
0.654610 0.742627
0.987249 0.133561
0.769133 0.305356
0.737441 0.843386
0.997060 0.789431
0.479960 0.274004
0.749250 0.558204
0.733266 0.979118
0.571791 0.535745
0.985560 0.401888
0.169267 0.400419
0.275377 0.326626
0.860053 0.140225
0.852773 0.144167
0.477836 0.788038
0.279557 0.144083
0.804835 0.140240
0.288890 0.547874
0.724739 0.528867
0.217779 0.279520
0.417176 0.265185
0.850367 0.533221
0.080555 0.201785
0.065624 0.042908
0.866418 0.970567
0.769918 0.584072
0.935981 0.845642
0.213144 0.645679
0.808319 0.853001
0.936489 0.398430
0.459711 0.702902
0.280561 0.055345
0.954923 0.356296
0.594549 0.471608
0.743776 0.553197
0.030231 0.362883
0.140099 0.428761
0.079065 0.834731
0.915254 0.421936
0.816254 0.010527
0.384650 0.041907
0.152609 0.421233
0.843259 0.699136
0.263165 0.477620
0.714901 0.730693
0.760970 0.783993
0.320106 0.953621
0.115074 0.272212
0.738675 0.565475
0.273696 0.135786
0.845569 0.977757
0.446707 0.326018
0.232561 0.215810
0.525963 0.935682
0.393135 0.847869
0.677713 0.140424
0.244374 0.016275
0.228187 0.494065
0.787154 0.035502
0.081672 0.281191
0.464723 0.194461
0.559769 0.318931
0.569798 0.854679
0.731192 0.069497
0.871592 0.671284
0.013401 0.176098
0.486736 0.780317
0.070510 0.566996
0.901832 0.093789
0.806319 0.086020
0.970426 0.422946
0.557008 0.202533
0.653479 0.010590
0.424920 0.729826
0.249934 0.194909
0.063035 0.638182
0.872800 0.350099
0.119150 0.987262
0.966180 0.953173
0.979453 0.722259
0.729975 0.611716
0.413063 0.579189
0.421536 0.153923
0.212316 0.626960
0.637320 0.430123
0.947959 0.037287
0.842649 0.304097
0.514076 0.518299
0.613955 0.422839
0.224517 0.473622
0.285435 0.745009
0.840728 0.355972
0.950836 0.481201
0.060310 0.872744
0.061115 0.053218
0.676310 0.670842
0.180029 0.914920
0.829130 0.878951
0.812220 0.593810
0.516146 0.417664
0.602173 0.110365
0.798506 0.301400
0.617468 0.011231
0.950254 0.250727
0.875997 0.612744
0.131851 0.809700
0.754414 0.692847
0.038313 0.820071
0.423824 0.792324
0.371607 0.542654
0.998782 0.490369
0.917607 0.935921
0.656963 0.504859
0.469833 0.602807
0.589385 0.234315
0.835346 0.699006
0.274884 0.406366
0.682610 0.659448
0.237543 0.826651
0.046763 0.944417
0.142102 0.832427
0.894689 0.132735
0.809897 0.946781
0.270414 0.596655
0.496653 0.402154
0.190785 0.681588
0.563534 0.656032
0.642059 0.783531
0.494089 0.756979
0.739909 0.968005
0.062325 0.435793
0.358561 0.806575
0.340886 0.094436
0.309168 0.920475
0.153380 0.444467
0.453181 0.315604
0.521176 0.407074
0.973421 0.969120
0.632530 0.028391
0.393693 0.285107
0.870704 0.586664
0.837204 0.975239
0.477745 0.771876
0.444724 0.640115
0.501930 0.803869
0.835327 0.827906
0.779381 0.621529
0.985715 0.629186
0.834159 0.823508
0.928556 0.930276
0.746185 0.870014
0.225916 0.292196
0.232630 0.165594
0.260779 0.048254
0.415938 0.034397
0.007829 0.620559
0.010455 0.272287
0.094063 0.244196
0.949663 0.914252
0.640485 0.257557
0.797315 0.090929
0.588018 0.868271
0.638294 0.364655
0.953985 0.836418
0.528828 0.733302
0.739856 0.830177
0.000713 0.569260
0.016691 0.303814
0.560488 0.121291
0.051570 0.623834
0.602067 0.848570
0.206490 0.826424
0.660080 0.779074
0.740630 0.827725
0.471264 0.288601
0.577519 0.128224
0.882484 0.182030
0.560597 0.053552
0.246555 0.725060
0.713776 0.356155
0.580769 0.322491
0.548076 0.565834
0.428120 0.868224
0.511013 0.821831
0.057483 0.402522
0.262401 0.045138
0.366542 0.603646
0.578316 0.216942
0.610054 0.813859
0.334463 0.217564
0.866098 0.753873
0.200782 0.150006
0.974190 0.815181
0.391091 0.323179
0.531760 0.836308
0.054704 0.102126
0.419204 0.566862
0.671383 0.646015
0.238816 0.602391
0.116653 0.149411
0.999161 0.433364
0.901403 0.578321
0.354015 0.393244
0.457889 0.049714
0.713751 0.713424
0.243644 0.941710
0.587146 0.596940
0.865481 0.541351
0.582798 0.208193
0.387670 0.537853
0.601957 0.742548
0.481564 0.951442
0.888310 0.287483
0.098329 0.151389
0.765315 0.016122
0.902121 0.461548
0.087983 0.364277
0.787961 0.477701
0.663519 0.233775
0.426713 0.628245
0.154048 0.937664
0.929000 0.698205
0.264669 0.557008
0.400549 0.006308
0.341388 0.614342
0.373366 0.675830
0.856001 0.485433
0.840313 0.972135
0.638814 0.768865
0.895073 0.993322
0.135088 0.912071
0.785145 0.095104
0.407424 0.752768
0.522440 0.307046
0.083819 0.276360
0.064192 0.654481
0.959925 0.812746
0.476331 0.738930
0.504061 0.100032
0.422127 0.149563
0.084857 0.128032
0.780806 0.279214
0.343905 0.441029
0.194044 0.900699
0.769600 0.627126
0.862612 0.422657
0.193413 0.050601
0.971145 0.088852
0.626077 0.494055
0.705909 0.510868
0.578763 0.268741
0.948603 0.831348
0.773067 0.524282
0.378638 0.503392
0.933697 0.943133
0.897033 0.141482
0.179022 0.740461
0.996934 0.150244
0.377188 0.906735
0.948964 0.869627
0.719306 0.928159
0.444007 0.788511
0.676228 0.799191
0.641711 0.973509
0.451756 0.001733
0.409871 0.235706
0.022633 0.267198
0.908073 0.715290
0.864467 0.360485
0.568346 0.502512
0.502789 0.829007
0.956247 0.633145
0.099715 0.645285
0.957742 0.297585
0.389234 0.938190
0.230366 0.384952
0.407928 0.555790
0.881608 0.547057
0.632981 0.031858
0.893079 0.811779
0.335593 0.638434
0.895985 0.401420
0.185497 0.598461
0.521561 0.818813
0.401025 0.205335
0.699537 0.452416
0.029236 0.550342
0.958382 0.921391
0.261895 0.794281
0.992991 0.132613
0.045635 0.436191
0.508614 0.553784
0.628422 0.829945
0.624281 0.520320
0.099483 0.278566
0.924607 0.488392
0.426143 0.396496
0.585798 0.022479
0.968563 0.071624
0.869826 0.963018
0.962152 0.281747
0.680168 0.658221
0.997474 0.224233
0.803161 0.363851
0.098739 0.703012
0.920943 0.915711
0.604549 0.483610
0.475110 0.561850
0.688304 0.374816
0.984634 0.404959
0.020759 0.124643
0.477254 0.250143
0.773484 0.828623
0.280469 0.779248
0.889525 0.440060
0.536410 0.880142
0.306371 0.144729
0.454306 0.647829
0.606329 0.816594
0.494896 0.043992
0.390751 0.506490
0.393086 0.452550
0.527048 0.932301
0.168279 0.401034
0.301252 0.237022
0.046246 0.531063
0.423900 0.860193
0.522053 0.495929
0.783319 0.228551
0.630494 0.839278
0.817921 0.113336
0.858613 0.066100
0.387915 0.924552
0.034348 0.055711
0.066869 0.916572
0.955961 0.686151
0.844860 0.264841
0.488857 0.040383
0.337471 0.240019
0.349540 0.846915
0.728709 0.253773
0.820892 0.870934
0.840914 0.379510
0.198591 0.816790
0.921080 0.061712
0.855434 0.928598
0.960481 0.119125
0.428467 0.883021
0.623335 0.819909
0.783252 0.756700
0.150255 0.760963
0.090274 0.820581
0.923522 0.518968
0.560372 0.664335
0.733777 0.557334
0.129283 0.686306
0.171481 0.671038
0.655767 0.297882
0.981576 0.330495
0.003483 0.285947
0.666024 0.645898
0.713645 0.652998
0.096477 0.315119
0.843716 0.911786
0.408097 0.841083
0.946761 0.249776
0.985592 0.508624
0.096768 0.198482
0.923825 0.096218
0.327155 0.443689
0.947892 0.064542
0.842849 0.194794
0.411344 0.011705
0.890719 0.095007
0.656283 0.514066
0.228849 0.998843
0.715340 0.081924
0.721996 0.069326
0.063080 0.850949
0.708791 0.554572
0.883184 0.803107
0.435629 0.291859
0.107780 0.764890
0.032869 0.457048
0.306583 0.166041
0.220859 0.328173
0.356065 0.558583
0.176504 0.864277
0.702640 0.193745
0.765469 0.713996
0.948905 0.533575
0.650793 0.863180
0.438248 0.434293
0.625605 0.506768
0.490705 0.880091
0.885786 0.887385
0.951700 0.568934
0.857853 0.781597
0.755370 0.355982
0.627976 0.034499
0.275446 0.545660
0.979993 0.044258
0.339218 0.289951
0.543415 0.380506
0.913884 0.898379
0.576840 0.783903
0.639633 0.694221
0.467876 0.638958
0.580100 0.161860
0.117559 0.638145
0.788367 0.521788
0.995438 0.762604
0.545467 0.542594
0.800890 0.893154
0.418408 0.353430
0.346932 0.335125
0.605996 0.255728
0.494656 0.291436
0.393298 0.049612
0.709629 0.850622
0.919358 0.188240
0.085984 0.369948
0.877833 0.152463
0.489593 0.228515
0.216484 0.798498
0.808645 0.801198
0.379033 0.072956
0.168097 0.161517
0.141632 0.412363
0.363894 0.459998
0.636293 0.348478
0.703506 0.144323
0.724850 0.326000
0.901253 0.188518
0.489626 0.505916
0.670048 0.280695
0.240722 0.375539
0.175611 0.482298
0.104899 0.315436
0.574855 0.216568
0.957324 0.883757
0.447072 0.569877
0.184969 0.470105
0.044708 0.796861
0.529266 0.143927
0.939934 0.608694
0.045627 0.976505
0.823866 0.293637
0.038763 0.850991
0.927229 0.969918
0.685254 0.791509
0.774403 0.303265
0.938609 0.140225
0.757209 0.834861
0.227104 0.490366
0.320458 0.660246
0.400979 0.143533
0.388202 0.575632
0.363097 0.001250
0.027788 0.965362
0.825963 0.223541
0.248227 0.642689
0.678063 0.691435
0.260056 0.575795
0.513728 0.295643
0.485795 0.931943
0.983311 0.340253
0.103238 0.154878
0.754226 0.898154
0.928277 0.854072
0.038447 0.783980
0.999563 0.129137
0.838351 0.920730
0.314273 0.578701
0.290342 0.267824
0.782397 0.650274
0.744448 0.151200
0.616359 0.176104
0.508163 0.790153
0.053475 0.909750
0.504078 0.050987
0.520649 0.629083
0.443357 0.974132
0.093878 0.903628
0.500962 0.419249
0.379548 0.937683
0.893511 0.251923
0.750173 0.995320
0.206981 0.855923
0.204128 0.789398
0.798988 0.396595
0.987121 0.873915
0.109170 0.183799
0.512517 0.517520
0.251244 0.686918
0.048350 0.755720
0.831588 0.239809
0.100710 0.320299
0.541735 0.240175
0.416410 0.926694
0.705982 0.695668
0.052216 0.963554
0.630311 0.298171
0.013609 0.973409
0.295151 0.818025
0.552942 0.439403
0.662024 0.501578
0.335043 0.300209
0.622912 0.328297
0.327710 0.303771
0.411232 0.437777
0.455214 0.780224
0.114574 0.772315
0.764838 0.665314
0.781921 0.997362
0.099660 0.637882
0.501834 0.059962
0.045166 0.048438
0.743147 0.324447
0.222989 0.910589
0.195990 0.084949
0.841945 0.603054
0.328501 0.395948
0.784725 0.087227
0.883387 0.584883
0.408002 0.383730
0.578512 0.514980
0.664385 0.771123
0.347000 0.651791
0.116567 0.670900
0.554878 0.253542
0.907168 0.465159
0.768047 0.553248
0.772193 0.556776
0.805454 0.629632
0.741697 0.826658
0.011569 0.774272
0.258152 0.268630
0.908882 0.553958
0.061180 0.989719
0.649843 0.440139
0.336731 0.952099
0.977782 0.831395
0.309438 0.802659
0.727573 0.530271
0.668825 0.887168
0.249404 0.252350
0.963166 0.078197
0.522737 0.543364
0.369238 0.359478
0.142654 0.559182
0.051869 0.204061
0.807009 0.523900
0.664088 0.659644
0.410390 0.322850
0.406852 0.711663
0.359661 0.610202
0.466742 0.933198
0.265902 0.014919
0.580686 0.650495
0.738851 0.514198
0.938665 0.853855
0.612488 0.810113
0.628552 0.865909
0.564203 0.593040
0.351606 0.342721
0.755010 0.904540
0.192864 0.527936
0.814578 0.422730
0.817515 0.806133
0.222364 0.384768
0.582588 0.508793
0.894959 0.033932
0.702611 0.614755
0.579750 0.932893
0.788654 0.456750
0.476339 0.220092
0.791991 0.796618
0.359658 0.902772
0.626868 0.663990
0.362531 0.578056
0.521200 0.166731
0.490474 0.552550
0.449741 0.076147
0.887794 0.191319
0.841160 0.365943
0.851610 0.468675
0.118620 0.041149
0.599193 0.116074
0.532872 0.531692
0.834066 0.466519
0.177554 0.645043
0.227594 0.080209
0.038282 0.573318
0.035333 0.502790
0.420279 0.732455
0.201198 0.055411
0.123740 0.274576
0.467541 0.384873
