0.169883 0.448433
0.577135 0.678179
0.875626 0.308351
0.028799 0.702931
0.747968 0.471377
0.657341 0.034540
0.295500 0.323833
0.933419 0.008748
0.688311 0.084126
0.066430 0.099278
0.271900 0.804590
0.846307 0.759019
0.256986 0.168380
0.310481 0.297433
0.939637 0.559115
0.284237 0.375870
0.670364 0.128038
0.285111 0.652702
0.061338 0.486759
0.630577 0.216595
0.597681 0.213246
0.843184 0.708959
0.901735 0.574537
0.608413 0.455549
0.388511 0.741708
0.607925 0.502390
0.946021 0.300971
0.524487 0.182646
0.575934 0.049321
0.394755 0.728743
0.638034 0.904008
0.272233 0.488003
0.456187 0.252135
0.855093 0.500248
0.564061 0.220045
0.332184 0.552264
0.795570 0.151698
0.205442 0.336727
0.758046 0.051089
0.258041 0.012127
0.965391 0.865794
0.155009 0.285424
0.053966 0.267089
0.386672 0.120614
0.055733 0.016623
0.395158 0.314091
0.661183 0.100468
0.760341 0.471606
0.768824 0.558439
0.263977 0.371862
