0.240749 0.587007
0.932107 0.078809
0.361398 0.183707
0.362772 0.141674
0.394916 0.734226
0.672877 0.035407
0.747153 0.015527
0.244074 0.274566
0.270884 0.101183
0.151092 0.003587
0.761597 0.825507
0.754928 0.045124
0.470123 0.123692
0.857451 0.105905
0.399221 0.623717
0.825650 0.082765
0.566285 0.944893
0.899421 0.506236
0.860616 0.518259
0.233712 0.035058
0.601252 0.385645
0.093988 0.572196
0.410125 0.357076
0.023425 0.011427
0.555369 0.110286
0.730868 0.843290
0.490877 0.301459
0.910537 0.850159
0.920759 0.522931
0.197599 0.902443
0.351119 0.991418
0.988168 0.431369
0.756642 0.179454
0.907922 0.498564
0.685739 0.213065
0.300484 0.508583
0.855548 0.750307
0.224840 0.517811
0.046898 0.228161
0.100504 0.781591
0.899338 0.819345
0.319787 0.651200
0.027672 0.176003
0.858468 0.183232
0.733941 0.053797
0.159289 0.856221
0.472605 0.207781
0.337154 0.602756
0.141708 0.530562
0.060539 0.960122
0.219092 0.263580
0.300558 0.518437
0.740293 0.253954
0.507284 0.002505
0.123488 0.652180
0.672339 0.262072
0.886968 0.150088
0.167435 0.164899
0.375847 0.843800
0.210448 0.888043
0.717272 0.073032
0.303806 0.384969
0.357214 0.135956
0.014327 0.869583
0.696909 0.607904
0.019382 0.003008
0.543356 0.102585
0.431097 0.094906
0.315792 0.706058
0.028531 0.038369
0.208847 0.986579
0.177145 0.885867
0.803152 0.437518
0.895561 0.943509
0.935419 0.445911
0.741507 0.011789
0.992600 0.395816
0.932030 0.933277
0.178471 0.313476
0.387451 0.921137
0.716068 0.540399
0.194211 0.237124
0.395662 0.280840
0.318679 0.663670
0.355521 0.511736
0.272128 0.871874
0.491474 0.666018
0.826547 0.225750
0.431352 0.704321
0.811560 0.782726
0.581660 0.675465
0.484704 0.251451
0.356365 0.632684
0.960419 0.450132
0.331492 0.820419
0.707566 0.372124
0.734252 0.375608
0.180921 0.310222
0.371697 0.397758
0.239026 0.617082
