0.129740 0.532036
0.380032 0.363427
0.746422 0.059564
0.294051 0.759698
0.550391 0.154460
0.374298 0.581712
0.222220 0.409494
0.093051 0.342813
0.650058 0.471562
0.010228 0.334695
0.967043 0.933956
0.371557 0.927342
0.578635 0.372166
0.201196 0.589901
0.476294 0.475135
0.795089 0.870065
0.986448 0.240519
0.764498 0.601779
0.987507 0.500327
0.553578 0.424544
0.542702 0.622429
0.660513 0.292326
0.842821 0.093790
0.628640 0.026073
0.330460 0.832855
0.242189 0.121026
0.886184 0.501383
0.260616 0.958531
0.997046 0.790136
0.456245 0.291769
0.899188 0.638156
0.681788 0.375778
0.788793 0.611989
0.187504 0.394403
0.329451 0.219052
0.432180 0.900267
0.849030 0.758447
0.187753 0.828568
0.815442 0.422872
0.824336 0.271525
0.408226 0.756889
0.280551 0.607476
0.261664 0.249656
0.373502 0.767145
0.745185 0.794320
0.783380 0.389293
0.468093 0.981651
0.259599 0.368968
0.048208 0.712053
0.338544 0.833777
0.567787 0.407997
0.137403 0.897092
0.555127 0.187952
0.594236 0.631824
0.776567 0.723318
0.861344 0.584373
0.601106 0.141397
0.427161 0.805592
0.208675 0.260346
0.941311 0.814078
0.453133 0.646115
0.648134 0.126838
0.762322 0.466752
0.795894 0.993332
0.060099 0.886048
0.382059 0.751149
0.329017 0.786338
0.119446 0.785033
0.097367 0.939404
0.563684 0.415700
0.830612 0.354734
0.929386 0.170878
0.934746 0.426046
0.240549 0.798212
0.837929 0.669776
0.110149 0.068164
0.406769 0.303392
0.624538 0.884760
0.774917 0.646702
0.520179 0.473014
0.514191 0.345951
0.083418 0.444084
0.962211 0.718337
0.978381 0.352689
0.435595 0.093691
0.513801 0.956062
0.004022 0.890413
0.696431 0.759642
0.478039 0.304354
0.786914 0.592009
0.272254 0.912187
0.973362 0.889965
0.845618 0.194914
0.208589 0.094446
0.491755 0.972510
0.218817 0.058898
0.354881 0.007298
0.184888 0.653995
0.680608 0.581503
0.621384 0.816033
