0.639011 0.703710
0.569881 0.275405
0.723785 0.953697
0.842063 0.361458
0.559803 0.520969
0.593772 0.214568
0.975164 0.341361
0.154659 0.097185
0.897103 0.086083
0.017880 0.632135
0.896900 0.031145
0.058792 0.333778
0.914721 0.447153
0.523209 0.983156
0.211055 0.862039
0.383124 0.332995
0.389253 0.823701
0.971333 0.043477
0.412796 0.595213
0.901060 0.195979
0.901243 0.552163
0.152731 0.209507
0.630438 0.919841
0.867198 0.493371
0.085392 0.887413
0.823262 0.709651
0.118355 0.066906
0.796999 0.090309
0.249963 0.726692
0.001445 0.856350
0.917921 0.222377
0.587341 0.420212
0.025553 0.572381
0.749200 0.717598
0.471645 0.181170
0.325607 0.711273
0.953367 0.300011
0.908702 0.836871
0.225636 0.933302
0.384973 0.919548
0.173175 0.547908
0.518009 0.880364
0.505577 0.123640
0.653542 0.372558
0.621085 0.794892
0.878121 0.340428
0.201348 0.576646
0.994980 0.377303
0.397309 0.442434
0.494113 0.674146
0.045461 0.327545
0.288328 0.296610
0.214057 0.467668
0.363022 0.505918
0.520467 0.851293
0.644618 0.847697
0.083736 0.463679
0.331124 0.772988
0.680475 0.430774
0.647970 0.626879
0.657595 0.133462
0.493261 0.942807
0.421967 0.855624
0.718825 0.114316
0.874982 0.553954
0.856888 0.681137
0.989035 0.893088
0.946961 0.662706
0.833361 0.776571
0.743474 0.599812
0.748215 0.222313
0.991948 0.223832
0.039252 0.580615
0.649933 0.963052
0.518074 0.773497
0.898715 0.816875
0.450246 0.446002
0.542728 0.481241
0.988696 0.663278
0.925862 0.992382
0.968257 0.061681
0.807316 0.571074
0.016229 0.167793
0.734391 0.795821
0.294156 0.936170
0.325574 0.710984
0.827656 0.424792
0.534505 0.984603
0.303958 0.926609
0.403885 0.770747
0.420930 0.806232
0.038129 0.502493
0.356705 0.752741
0.524512 0.444173
0.695645 0.152743
0.314817 0.465319
0.194209 0.812220
0.142946 0.163799
0.099396 0.311381
0.898694 0.161869
0.342811 0.863650
0.003859 0.126479
0.824968 0.668064
0.744088 0.823895
0.177309 0.393785
0.698333 0.308778
0.843542 0.616115
0.877522 0.169133
0.057209 0.735256
0.435021 0.601086
0.309039 0.152299
0.843702 0.971232
0.195464 0.251269
0.247884 0.439344
0.118787 0.041773
0.293175 0.160509
0.169852 0.153663
0.113178 0.563305
0.665647 0.243346
0.309300 0.209432
0.237146 0.770726
0.698328 0.780218
0.066770 0.536470
0.322201 0.806743
0.860237 0.331199
0.715368 0.862855
0.404125 0.541344
0.707344 0.074113
0.108367 0.580852
0.101574 0.960784
0.761972 0.573567
0.416405 0.829254
0.840624 0.798046
0.499981 0.153791
0.096422 0.024717
0.238083 0.649379
0.832857 0.024698
0.762406 0.026356
0.222246 0.210290
0.536513 0.738926
0.258170 0.579029
0.447661 0.392098
0.452090 0.876378
0.564933 0.855447
0.181145 0.166535
0.537590 0.547088
0.673250 0.806515
0.702262 0.797570
0.975960 0.155557
0.843608 0.680933
0.897166 0.220087
0.210257 0.208938
0.828547 0.833877
0.826377 0.324552
0.566789 0.903706
0.358879 0.702036
0.732955 0.712732
0.801293 0.963529
0.156973 0.266970
0.017555 0.555810
0.642067 0.194661
0.752424 0.195968
0.853062 0.764002
0.059972 0.490979
0.682838 0.171596
0.227575 0.063749
0.342813 0.372182
0.180060 0.276959
0.596195 0.369580
0.037113 0.436087
0.006818 0.069471
0.966834 0.174286
0.811770 0.506552
0.729229 0.574306
0.042581 0.501742
0.335735 0.466470
0.817615 0.579574
0.064279 0.256736
0.307411 0.281516
0.664141 0.585158
0.735052 0.847930
0.960870 0.092628
0.915272 0.609514
0.228687 0.582531
0.258823 0.328483
0.636342 0.904014
0.872769 0.160432
0.792069 0.954844
0.372690 0.869715
0.914297 0.304388
0.289403 0.424344
0.436974 0.070993
0.500643 0.120844
0.921851 0.853149
0.947268 0.945131
0.994803 0.710041
0.003872 0.962426
0.649234 0.414684
0.265338 0.147361
0.666830 0.461594
0.183659 0.214856
0.094429 0.601009
0.943506 0.693009
0.685468 0.992938
0.200346 0.691158
0.965478 0.426881
0.821520 0.559427
0.113289 0.436839
0.568542 0.910495
0.163125 0.556267
0.737992 0.279982
0.127453 0.403924
0.138709 0.038774
0.516456 0.769104
0.424610 0.038745
0.387216 0.373532
0.725298 0.872785
0.494174 0.527227
0.720735 0.560669
0.332148 0.466954
0.791594 0.934254
0.864189 0.768393
0.643526 0.988625
0.508749 0.856967
0.851406 0.990230
0.524160 0.307301
0.098743 0.188738
0.273087 0.317563
0.497778 0.566209
0.975657 0.472506
0.267401 0.175404
0.467143 0.667778
0.218872 0.268399
0.164593 0.858147
0.953422 0.597404
0.916496 0.113543
0.411176 0.981538
0.660579 0.319386
0.427435 0.476525
0.847020 0.741437
0.250192 0.258663
0.397879 0.590462
0.551893 0.640084
0.568245 0.668276
0.328764 0.469248
0.450587 0.154282
0.222657 0.538770
0.021027 0.600418
0.223209 0.522098
0.564712 0.242429
0.412202 0.391209
0.037210 0.806717
0.397387 0.229433
0.419817 0.094524
0.349600 0.846650
0.408900 0.759009
0.104889 0.628537
0.842859 0.855821
0.622445 0.607193
0.115042 0.944045
0.199487 0.827405
0.446904 0.741957
0.235868 0.700951
0.302933 0.600787
0.013997 0.190779
0.417357 0.349763
0.913796 0.347557
0.872337 0.386955
0.717734 0.932981
0.418377 0.243029
0.177624 0.607433
0.759857 0.228746
0.812680 0.433957
0.842118 0.192150
0.987442 0.256207
0.271217 0.857620
0.678561 0.844928
0.873470 0.696537
0.980979 0.575698
0.059118 0.788077
0.326954 0.800061
0.092937 0.668719
0.595425 0.002875
0.594314 0.740301
0.774606 0.300565
0.590330 0.409029
0.607279 0.828192
0.227571 0.761615
0.696104 0.087615
0.811907 0.249781
0.875385 0.384708
0.190165 0.550617
0.266063 0.070518
0.613638 0.497860
0.322311 0.419389
0.130570 0.737932
0.350983 0.626514
0.243240 0.554604
0.439222 0.588021
0.035005 0.127468
0.460935 0.838636
0.223633 0.341910
0.849411 0.265109
0.629473 0.152091
0.121223 0.988015
0.360495 0.413457
0.715646 0.110199
0.610977 0.047620
0.574196 0.867058
0.346543 0.379951
0.026472 0.082005
0.305546 0.499055
0.971345 0.729884
0.685216 0.527308
0.046649 0.841762
0.600739 0.762938
0.465859 0.946441
0.906419 0.756672
0.466865 0.737204
0.250281 0.519754
0.865785 0.676701
0.296964 0.225179
0.037879 0.808580
0.898482 0.960284
0.757951 0.131341
0.618385 0.316368
0.724267 0.508102
0.422111 0.859806
0.262817 0.235320
0.534772 0.819157
0.662910 0.074249
0.437354 0.644064
0.830390 0.760751
0.723283 0.444273
0.461389 0.752315
0.069542 0.700895
0.737388 0.245484
0.889992 0.057061
0.621438 0.302621
0.333285 0.441436
0.195774 0.263796
0.163727 0.255560
0.122618 0.487790
0.720679 0.864806
0.232857 0.865601
0.590556 0.172767
0.451363 0.480493
0.845230 0.630173
0.753074 0.250584
0.701572 0.631988
0.610557 0.383071
0.239170 0.890115
0.441643 0.993667
0.376644 0.034184
0.894792 0.300445
0.651803 0.389178
0.420228 0.388212
0.476777 0.606214
0.466476 0.657714
0.446548 0.581537
0.814772 0.723360
0.967750 0.888893
0.017937 0.703844
0.944332 0.771666
0.645655 0.561932
0.507679 0.593754
0.054674 0.392871
0.810985 0.531928
0.700340 0.335273
0.721164 0.207440
0.584932 0.083998
0.836307 0.900986
0.298657 0.821468
0.632678 0.972608
0.250735 0.752021
0.702445 0.116944
0.110876 0.323317
0.981855 0.124281
0.185544 0.649466
0.589248 0.889119
0.438743 0.612492
0.393323 0.510528
0.133700 0.611860
0.714253 0.462360
0.619612 0.956271
0.623760 0.976391
0.616795 0.447530
0.154963 0.977812
0.463851 0.793257
0.358802 0.139962
0.182143 0.103346
0.551060 0.884037
0.885661 0.874496
0.282483 0.439521
0.018494 0.547813
0.534228 0.402386
0.137476 0.936387
0.391846 0.580633
0.474154 0.562905
0.983224 0.300554
0.308098 0.221801
0.779396 0.762118
0.262669 0.886068
0.451865 0.478187
0.994711 0.415816
0.356033 0.309792
0.391223 0.393784
0.367587 0.118491
0.308953 0.812461
0.237147 0.596896
0.096910 0.268106
0.848224 0.409702
0.627183 0.778895
0.764499 0.380113
0.326037 0.337572
0.234669 0.090369
0.745105 0.833404
0.386578 0.930070
0.541613 0.033897
0.687079 0.322323
0.346909 0.903646
0.870059 0.585257
0.894179 0.655865
0.442262 0.645250
0.949083 0.581537
0.565045 0.608237
0.041139 0.881811
0.579925 0.016779
0.729047 0.441177
0.696730 0.473082
0.149739 0.722101
0.395426 0.191984
0.898777 0.736245
0.906147 0.962921
0.868868 0.353032
0.726682 0.946211
0.533559 0.043248
0.512662 0.706515
0.304818 0.523536
0.832904 0.895126
0.016048 0.667036
0.220857 0.032771
0.286169 0.476113
0.672804 0.915913
0.505775 0.875001
0.244475 0.272079
0.452957 0.573387
0.679931 0.423497
0.094255 0.276344
0.070065 0.883415
0.955272 0.071698
0.382798 0.005726
0.555873 0.912840
0.333003 0.036074
0.796457 0.733131
0.467454 0.171405
0.854676 0.877489
0.528525 0.524973
0.106044 0.217394
0.130148 0.215085
0.817254 0.527469
0.530445 0.148417
0.877610 0.444951
0.817760 0.452527
0.631844 0.607796
0.140206 0.927223
0.956676 0.372804
0.703640 0.330729
0.083831 0.852089
0.138918 0.794139
0.313840 0.874352
0.496510 0.166441
0.687788 0.876866
0.565050 0.632423
0.888273 0.664712
0.430103 0.517060
0.126221 0.435746
0.190419 0.792534
0.536748 0.462921
0.531172 0.437817
0.655174 0.350004
0.417141 0.465793
0.873353 0.832423
0.513546 0.129165
0.386843 0.681839
0.068198 0.543968
0.035056 0.391247
0.895872 0.728265
0.609364 0.966807
0.794275 0.843650
0.658249 0.333271
0.190711 0.248489
0.553925 0.571784
0.069528 0.824346
0.601471 0.452004
0.262642 0.920836
0.269367 0.494902
0.998935 0.179199
0.199419 0.108264
0.203023 0.441168
